0, 0, 0, 892, 412, 484, 522, 468, 439, 408, 414, 538, 464, 402, 451, 381, 213, 51, 2, 38, 0, 0, 0, 0, 0, 
0, 0, 887, 420, 475, 514, 489, 404, 422, 412, 682, 408, 400, 488, 498, 239, 8, 2, 0, 0, 0, 0, 0, 0, 
0, 0, 0, 914, 422, 510, 518, 490, 396, 416, 412, 754, 412, 420, 482, 489, 320, 0, 0, 0, 0, 0, 0, 0, 0, 
0, 0, 924, 513, 618, 510, 445, 404, 412, 404, 536, 396, 414, 453, 499, 497, 105, 107, 0, 0, 0, 0, 0, 0, 
0, 0, 0, 753, 932, 613, 444, 414, 404, 416, 437, 681, 408, 458, 447, 436, 142, 0, 0, 2, 0, 12, 0, 0, 0, 
0, 0, 0, 974, 420, 431, 435, 504, 501, 485, 434, 453, 406, 408, 422, 435, 406, 0, 0, 0, 0, 0, 0, 0, 0, 0, 
0, 0, 0, 820, 404, 404, 441, 514, 490, 441, 410, 467, 404, 433, 451, 471, 330, 138, 0, 38, 0, 2, 0, 0, 0, 0, 0, 
0, 0, 0, 792, 869, 642, 434, 410, 396, 408, 414, 533, 527, 505, 431, 400, 0, 0, 0, 0, 0, 0, 0, 0, 0, 
0, 0, 0, 886, 424, 577, 497, 424, 427, 406, 408, 519, 439, 472, 475, 445, 270, 4, 0, 0, 0, 0, 0, 0, 0, 
0, 0, 945, 499, 550, 520, 514, 414, 404, 396, 426, 396, 502, 408, 450, 470, 132, 140, 0, 0, 0, 0, 0, 0, 
0, 0, 0, 799, 697, 666, 468, 429, 408, 414, 406, 498, 452, 418, 404, 443, 241, 0, 0, 0, 0, 0, 0, 0, 0, 
0, 0, 0, 944, 416, 553, 469, 445, 437, 426, 408, 513, 460, 447, 433, 422, 105, 67, 0, 40, 0, 2, 0, 0, 0, 
0, 0, 885, 426, 449, 509, 493, 453, 420, 410, 583, 404, 424, 443, 461, 344, 0, 2, 0, 0, 0, 0, 0, 0, 
0, 0, 0, 843, 694, 644, 471, 410, 404, 408, 418, 483, 468, 500, 498, 426, 0, 0, 0, 0, 2, 0, 0, 0, 0, 
0, 0, 0, 952, 420, 508, 526, 419, 396, 410, 420, 694, 438, 505, 461, 459, 0, 57, 0, 38, 0, 4, 0, 0, 0, 
0, 0, 0, 742, 404, 418, 404, 483, 487, 449, 404, 554, 400, 414, 449, 462, 235, 190, 0, 51, 0, 2, 0, 0, 0, 
0, 0, 0, 854, 670, 612, 483, 435, 437, 433, 416, 636, 416, 456, 437, 437, 230, 0, 0, 0, 2, 0, 0, 0, 0, 
0, 0, 0, 930, 422, 416, 491, 504, 439, 422, 414, 714, 408, 400, 479, 447, 196, 61, 0, 38, 0, 4, 0, 0, 0, 
0, 0, 881, 412, 459, 522, 496, 433, 406, 400, 561, 406, 479, 431, 501, 476, 109, 103, 0, 0, 0, 0, 0, 0, 0, 
0, 0, 0, 410, 439, 404, 400, 412, 408, 404, 426, 460, 474, 498, 437, 438, 85, 0, 0, 0, 2, 10, 0, 0, 0, 0, 
0, 0, 942, 524, 611, 518, 441, 432, 434, 418, 673, 396, 466, 485, 418, 105, 99, 107, 105, 0, 0, 0, 0, 0, 0, 
0, 0, 878, 406, 435, 453, 491, 492, 438, 400, 414, 429, 443, 404, 400, 346, 107, 0, 34, 0, 2, 0, 0, 0, 0, 
0, 0, 0, 406, 747, 404, 412, 420, 410, 406, 435, 497, 446, 432, 454, 458, 235, 107, 105, 0, 0, 34, 0, 0, 0, 0, 
0, 0, 0, 420, 413, 404, 396, 414, 418, 456, 469, 449, 445, 436, 435, 447, 212, 105, 103, 0, 0, 2, 0, 0, 0, 
0, 0, 0, 0, 424, 408, 414, 404, 396, 440, 497, 507, 456, 437, 420, 420, 414, 0, 0, 0, 0, 0, 0, 0, 0, 
0, 0, 0, 614, 1092, 507, 436, 410, 402, 402, 418, 527, 472, 489, 454, 410, 0, 0, 0, 0, 0, 0, 0, 0, 0, 0, 0, 
0, 0, 0, 632, 1113, 569, 422, 404, 404, 410, 412, 508, 470, 470, 431, 408, 118, 0, 0, 0, 0, 79, 0, 0, 0, 
0, 0, 0, 503, 919, 433, 426, 420, 404, 408, 414, 509, 459, 451, 435, 445, 289, 99, 103, 0, 0, 79, 0, 0, 0, 
0, 0, 0, 447, 917, 453, 412, 408, 404, 408, 398, 471, 466, 492, 408, 445, 227, 105, 103, 105, 0, 63, 0, 0, 0, 0, 
0, 0, 0, 876, 422, 434, 466, 494, 470, 474, 433, 492, 414, 441, 427, 451, 336, 28, 2, 14, 0, 0, 0, 0, 0, 
0, 0, 0, 0, 735, 398, 404, 406, 506, 512, 406, 408, 527, 414, 433, 472, 443, 211, 0, 125, 0, 0, 0, 0, 0, 0, 
0, 0, 0, 888, 514, 518, 478, 493, 468, 441, 416, 528, 414, 431, 439, 445, 281, 0, 2, 0, 2, 0, 0, 0, 0, 0, 
0, 0, 0, 779, 744, 648, 460, 408, 404, 412, 400, 606, 404, 491, 513, 443, 130, 0, 2, 0, 0, 79, 0, 0, 0, 
0, 0, 0, 783, 754, 652, 486, 458, 408, 406, 402, 557, 414, 431, 439, 472, 237, 0, 0, 0, 0, 38, 0, 0, 0, 0, 0, 
0, 0, 0, 412, 448, 400, 404, 414, 396, 404, 411, 473, 466, 503, 480, 464, 248, 101, 101, 2, 0, 0, 0, 0, 0, 
0, 0, 0, 0, 728, 928, 551, 465, 437, 433, 408, 400, 472, 488, 400, 416, 404, 224, 0, 0, 0, 0, 73, 0, 0, 0, 
0, 0, 0, 866, 418, 465, 487, 489, 467, 439, 431, 506, 431, 432, 451, 466, 371, 116, 0, 186, 0, 4, 0, 0, 0, 0, 
0, 0, 0, 882, 474, 594, 520, 447, 404, 406, 406, 744, 412, 424, 453, 486, 416, 0, 2, 0, 2, 0, 0, 0, 0, 
0, 0, 0, 713, 910, 525, 453, 437, 425, 396, 408, 443, 499, 447, 431, 408, 101, 0, 0, 0, 0, 63, 0, 0, 0, 0, 
0, 0, 0, 420, 422, 410, 402, 406, 453, 514, 508, 441, 406, 422, 410, 407, 0, 0, 8, 0, 0, 0, 0, 0, 0, 0, 
0, 0, 296, 410, 430, 412, 408, 398, 460, 478, 471, 431, 414, 431, 439, 431, 289, 101, 115, 0, 10, 0, 0, 0, 0, 
0, 0, 0, 818, 414, 484, 478, 453, 466, 447, 398, 466, 455, 450, 445, 428, 251, 0, 0, 0, 0, 0, 0, 0, 0, 0, 
0, 0, 0, 710, 1005, 578, 465, 428, 404, 412, 418, 607, 462, 441, 439, 441, 101, 0, 0, 2, 0, 53, 0, 0, 0, 
0, 0, 0, 434, 422, 408, 406, 412, 433, 429, 443, 439, 433, 456, 448, 446, 109, 0, 0, 0, 0, 0, 0, 0, 0, 0, 
0, 0, 0, 882, 410, 406, 504, 483, 427, 321, 402, 572, 522, 413, 470, 501, 247, 45, 0, 38, 0, 8, 0, 0, 0, 0, 0, 
0, 0, 156, 398, 430, 422, 402, 410, 412, 464, 437, 497, 454, 447, 410, 452, 482, 101, 115, 0, 0, 0, 0, 0, 0, 0, 
0, 0, 0, 518, 956, 406, 416, 408, 410, 404, 476, 456, 480, 488, 408, 406, 0, 0, 0, 2, 0, 83, 0, 0, 0, 0, 
0, 0, 0, 793, 457, 549, 526, 481, 414, 410, 414, 574, 408, 445, 437, 461, 418, 0, 2, 0, 0, 0, 0, 0, 0, 
0, 0, 0, 860, 414, 423, 471, 460, 433, 433, 410, 498, 414, 459, 484, 462, 243, 185, 0, 30, 0, 0, 0, 0, 0, 0, 0, 0, 
0, 0, 0, 844, 489, 550, 530, 446, 435, 418, 400, 512, 434, 441, 449, 500, 369, 0, 2, 0, 0, 0, 0, 0, 0, 0, 
