0, 0, 0, 97, 204, 202, 192, 206, 207, 241, 217, 199, 212, 200, 206, 198, 220, 130, 129, 136, 0, 0, 2, 0, 0, 0, 0, 0, 0, 0, 0, 2, 0, 2, 0, 0, 0, 0, 2, 0, 2, 0, 0, 0, 0, 
0, 0, 0, 338, 527, 301, 218, 202, 202, 206, 210, 261, 239, 202, 202, 231, 134, 0, 0, 0, 0, 0, 0, 0, 0, 
0, 0, 0, 404, 425, 352, 251, 204, 202, 210, 208, 437, 202, 251, 239, 107, 115, 0, 2, 0, 0, 0, 0, 0, 0, 0, 81, 0, 0, 0, 0, 
0, 0, 472, 223, 223, 143, 202, 231, 214, 233, 210, 229, 185, 231, 109, 206, 288, 22, 163, 140, 116, 0, 4, 0, 2, 0, 4, 0, 0, 0, 0, 
0, 0, 0, 520, 202, 198, 229, 257, 253, 243, 208, 309, 206, 208, 249, 103, 164, 0, 28, 0, 0, 0, 0, 2, 0, 0, 0, 0, 0, 0, 
0, 0, 0, 200, 206, 204, 243, 284, 228, 198, 202, 202, 216, 202, 245, 261, 0, 0, 0, 0, 2, 0, 0, 0, 0, 0, 0, 
0, 0, 0, 568, 206, 241, 270, 257, 202, 214, 204, 318, 212, 208, 237, 134, 83, 2, 0, 0, 0, 0, 0, 0, 0, 
0, 0, 0, 554, 198, 202, 198, 253, 259, 278, 255, 239, 239, 249, 239, 214, 101, 180, 0, 43, 0, 4, 0, 0, 0, 
0, 0, 0, 526, 210, 198, 242, 274, 247, 208, 205, 325, 210, 233, 253, 101, 101, 0, 0, 0, 0, 0, 0, 2, 0, 0, 0, 0, 0, 0, 
0, 0, 336, 198, 206, 204, 243, 260, 261, 233, 202, 204, 204, 198, 214, 257, 0, 28, 0, 6, 0, 4, 0, 0, 0, 0, 
0, 0, 0, 538, 208, 202, 263, 266, 270, 226, 225, 235, 204, 202, 204, 204, 103, 0, 0, 0, 0, 0, 0, 0, 0, 
0, 0, 0, 412, 202, 202, 245, 264, 232, 206, 202, 198, 206, 214, 198, 209, 205, 0, 30, 0, 12, 0, 0, 6, 0, 0, 0, 
0, 0, 0, 512, 281, 336, 276, 240, 198, 210, 206, 306, 212, 208, 249, 101, 99, 2, 0, 0, 0, 2, 4, 0, 0, 0, 0, 
0, 0, 516, 202, 202, 237, 245, 237, 229, 237, 210, 208, 200, 202, 212, 198, 103, 103, 0, 16, 0, 0, 0, 0, 0, 
0, 0, 0, 208, 565, 221, 141, 235, 233, 206, 206, 271, 208, 206, 208, 218, 264, 0, 0, 0, 0, 59, 0, 0, 0, 0, 
0, 0, 0, 526, 206, 198, 218, 261, 276, 231, 237, 200, 204, 204, 206, 202, 101, 2, 0, 0, 0, 0, 0, 0, 0, 0, 0, 0, 0, 0, 
0, 0, 498, 282, 336, 253, 206, 202, 202, 202, 202, 264, 243, 206, 198, 0, 134, 2, 30, 0, 4, 0, 0, 0, 
0, 0, 0, 526, 269, 328, 266, 222, 202, 212, 204, 238, 210, 216, 202, 226, 264, 95, 0, 28, 0, 2, 0, 0, 0, 
0, 0, 522, 318, 320, 256, 204, 202, 208, 214, 439, 210, 198, 263, 256, 125, 85, 0, 28, 0, 4, 0, 0, 0, 
0, 0, 0, 420, 411, 322, 243, 204, 198, 208, 202, 354, 233, 220, 261, 208, 0, 2, 0, 0, 22, 0, 0, 0, 0, 
0, 0, 0, 570, 210, 259, 268, 230, 214, 204, 202, 198, 231, 222, 198, 202, 0, 2, 0, 0, 0, 0, 0, 0, 
0, 0, 0, 336, 586, 279, 251, 222, 202, 204, 202, 236, 239, 208, 202, 202, 105, 0, 2, 0, 0, 0, 0, 0, 0, 
0, 0, 0, 500, 314, 340, 240, 200, 202, 202, 202, 236, 248, 284, 198, 105, 0, 0, 0, 0, 0, 0, 0, 0, 
0, 0, 0, 264, 574, 218, 216, 204, 198, 206, 216, 302, 212, 206, 200, 256, 272, 2, 0, 0, 0, 2, 0, 0, 0, 
0, 0, 0, 496, 362, 332, 262, 200, 202, 210, 202, 198, 202, 210, 202, 242, 248, 154, 103, 28, 0, 0, 0, 0, 0, 
0, 0, 478, 322, 310, 259, 258, 241, 233, 218, 218, 200, 202, 206, 206, 202, 45, 0, 30, 0, 0, 0, 0, 0, 
0, 0, 0, 402, 423, 326, 228, 204, 198, 208, 204, 317, 198, 210, 233, 230, 235, 142, 130, 0, 0, 0, 0, 0, 0, 
0, 0, 388, 402, 324, 265, 237, 223, 208, 198, 202, 208, 208, 204, 225, 241, 111, 103, 0, 0, 0, 0, 0, 0, 
0, 0, 0, 350, 585, 277, 231, 202, 202, 198, 202, 212, 220, 266, 261, 208, 0, 0, 0, 0, 0, 0, 0, 0, 0, 
0, 0, 0, 518, 216, 322, 270, 206, 202, 204, 212, 274, 212, 251, 247, 111, 0, 0, 0, 0, 0, 0, 0, 0, 
0, 0, 0, 324, 622, 254, 218, 204, 202, 206, 208, 280, 204, 204, 245, 261, 221, 0, 0, 0, 0, 0, 0, 0, 0, 
0, 0, 0, 494, 232, 348, 266, 204, 198, 202, 208, 275, 233, 262, 251, 107, 0, 2, 0, 0, 0, 0, 0, 0, 
0, 0, 0, 300, 618, 216, 216, 204, 198, 208, 212, 315, 212, 220, 252, 260, 229, 105, 103, 0, 0, 0, 0, 0, 0, 
0, 0, 0, 502, 297, 342, 262, 204, 200, 206, 206, 381, 206, 241, 264, 129, 97, 2, 0, 0, 0, 0, 0, 0, 
0, 0, 0, 264, 557, 210, 216, 206, 198, 206, 204, 330, 208, 218, 241, 242, 136, 0, 2, 0, 0, 2, 0, 0, 0, 
0, 0, 0, 480, 364, 346, 244, 204, 198, 202, 202, 324, 208, 276, 276, 105, 0, 2, 0, 0, 0, 0, 0, 0, 
0, 0, 0, 228, 403, 202, 208, 210, 198, 202, 198, 347, 233, 208, 220, 235, 134, 0, 2, 2, 0, 32, 0, 0, 0, 
0, 0, 0, 387, 508, 348, 218, 204, 202, 198, 202, 261, 247, 276, 214, 103, 0, 0, 2, 0, 51, 0, 0, 0, 
0, 0, 0, 522, 210, 322, 262, 212, 202, 204, 210, 334, 237, 235, 239, 107, 0, 0, 0, 0, 0, 0, 0, 0, 
0, 0, 0, 336, 617, 240, 218, 204, 202, 206, 206, 330, 206, 220, 260, 268, 208, 105, 109, 0, 0, 0, 0, 0, 0, 
0, 0, 0, 492, 222, 340, 264, 202, 202, 202, 210, 270, 233, 231, 255, 105, 0, 0, 0, 0, 0, 0, 0, 0, 
0, 0, 0, 312, 594, 265, 214, 204, 198, 202, 208, 318, 208, 242, 245, 226, 140, 0, 2, 0, 0, 0, 0, 0, 0, 
0, 0, 0, 488, 324, 346, 228, 202, 202, 198, 202, 264, 249, 235, 212, 105, 0, 2, 0, 0, 0, 0, 0, 0, 
0, 0, 0, 290, 588, 200, 204, 210, 204, 208, 233, 214, 227, 239, 198, 204, 0, 0, 2, 0, 0, 0, 0, 0, 0, 
0, 0, 0, 518, 334, 340, 245, 204, 198, 200, 208, 333, 233, 231, 255, 101, 0, 0, 0, 0, 0, 0, 0, 0, 
0, 0, 0, 245, 421, 212, 206, 206, 208, 208, 222, 243, 218, 204, 210, 208, 99, 0, 0, 2, 0, 28, 0, 0, 0, 
0, 0, 0, 401, 536, 338, 212, 210, 198, 202, 198, 263, 243, 208, 255, 129, 121, 0, 2, 0, 40, 0, 0, 0, 0, 
0, 0, 0, 546, 210, 248, 272, 244, 198, 212, 214, 447, 208, 227, 265, 107, 4, 2, 0, 0, 0, 0, 0, 0, 
0, 0, 0, 348, 605, 214, 210, 208, 202, 198, 202, 247, 263, 202, 208, 107, 0, 0, 0, 0, 55, 0, 0, 0, 
0, 0, 0, 202, 216, 204, 206, 202, 208, 224, 243, 324, 208, 206, 198, 208, 136, 0, 0, 2, 0, 73, 0, 0, 0, 
