1, 0; 1, 0; 3, 218; 3, 208; 3, 266; 3, 295; 3, 245; 3, 208; 2, 0; 2, 0; 1, 0; 1, 0; 
1, 0; 3, 238; 3, 208; 3, 212; 3, 286; 3, 208; 3, 210; 3, 270; 3, 107; 2, 0; 1, 0; 1, 0; 
1, 0; 3, 392; 3, 210; 3, 210; 3, 233; 3, 212; 3, 212; 2, 140; 2, 0; 2, 0; 1, 0; 1, 0; 
1, 0; 1, 0; 3, 210; 3, 288; 3, 208; 3, 274; 3, 239; 3, 214; 2, 0; 2, 0; 1, 0; 1, 0; 
1, 0; 1, 0; 3, 212; 3, 280; 3, 216; 3, 245; 3, 218; 3, 241; 2, 0; 2, 0; 1, 0; 1, 0; 
1, 0; 3, 216; 3, 216; 3, 210; 3, 243; 3, 214; 3, 245; 3, 234; 2, 0; 2, 0; 1, 0; 1, 0; 
1, 0; 3, 350; 3, 210; 3, 214; 3, 245; 3, 212; 3, 206; 3, 261; 3, 107; 2, 2; 1, 0; 1, 0; 
1, 0; 3, 394; 3, 290; 3, 216; 3, 294; 3, 210; 3, 237; 1, 0; 2, 0; 2, 0; 1, 0; 1, 0; 
1, 0; 1, 0; 3, 214; 3, 224; 3, 247; 3, 257; 3, 210; 3, 210; 2, 0; 2, 2; 1, 0; 1, 0; 
1, 0; 3, 210; 3, 216; 3, 216; 3, 210; 3, 216; 3, 249; 2, 119; 2, 0; 2, 0; 1, 0; 1, 0; 
1, 0; 3, 344; 3, 220; 3, 206; 3, 241; 3, 241; 3, 208; 3, 206; 3, 138; 2, 0; 1, 0; 1, 0; 
1, 0; 3, 403; 3, 276; 3, 214; 3, 206; 3, 216; 3, 206; 3, 254; 2, 2; 2, 0; 1, 0; 
1, 0; 3, 288; 3, 214; 3, 214; 3, 243; 3, 226; 3, 210; 3, 237; 3, 140; 2, 0; 1, 0; 1, 0; 
1, 0; 3, 392; 3, 216; 3, 210; 3, 224; 3, 243; 3, 214; 3, 243; 3, 136; 2, 0; 1, 0; 1, 0; 
1, 0; 3, 406; 3, 336; 3, 208; 3, 214; 3, 251; 3, 214; 2, 109; 2, 0; 2, 0; 1, 0; 1, 0; 
1, 0; 1, 0; 3, 218; 3, 288; 3, 218; 3, 218; 3, 210; 3, 212; 2, 0; 2, 0; 1, 0; 1, 0; 
1, 0; 1, 0; 3, 208; 3, 218; 3, 243; 3, 445; 3, 274; 3, 212; 2, 0; 2, 0; 1, 0; 1, 0; 
1, 0; 3, 296; 3, 208; 3, 216; 3, 274; 3, 212; 3, 210; 3, 245; 3, 109; 2, 2; 1, 0; 1, 0; 
1, 0; 3, 390; 3, 208; 3, 212; 3, 240; 3, 206; 3, 274; 1, 0; 2, 2; 2, 0; 1, 0; 
1, 0; 3, 282; 3, 216; 3, 206; 3, 273; 3, 212; 3, 210; 3, 241; 3, 101; 2, 2; 1, 0; 1, 0; 
1, 0; 3, 352; 3, 235; 3, 214; 3, 210; 3, 239; 3, 210; 3, 232; 2, 2; 2, 0; 1, 0; 1, 0; 
1, 0; 1, 0; 3, 212; 3, 270; 3, 212; 3, 280; 3, 214; 3, 241; 2, 0; 2, 0; 1, 0; 1, 0; 
1, 0; 1, 0; 3, 212; 3, 222; 3, 214; 3, 266; 3, 220; 3, 216; 2, 0; 2, 2; 1, 0; 1, 0; 
1, 0; 1, 0; 3, 231; 3, 210; 3, 239; 3, 293; 3, 253; 2, 113; 2, 0; 2, 0; 1, 0; 1, 0; 
1, 0; 3, 316; 3, 212; 3, 210; 3, 251; 3, 247; 3, 216; 3, 247; 3, 144; 2, 0; 1, 0; 1, 0; 
1, 0; 3, 402; 3, 272; 3, 218; 3, 247; 3, 211; 3, 229; 3, 136; 2, 0; 2, 16; 1, 0; 1, 0; 
1, 0; 3, 310; 3, 212; 3, 210; 3, 282; 3, 212; 3, 208; 3, 241; 3, 113; 2, 0; 1, 0; 1, 0; 
1, 0; 3, 386; 3, 212; 3, 208; 3, 282; 3, 208; 3, 267; 1, 0; 2, 0; 2, 0; 1, 0; 1, 0; 
1, 0; 1, 0; 3, 212; 3, 233; 3, 210; 3, 408; 3, 258; 2, 107; 2, 16; 2, 0; 2, 0; 1, 0; 1, 0; 
1, 0; 1, 0; 3, 220; 3, 218; 3, 208; 3, 241; 3, 214; 2, 140; 2, 26; 2, 0; 1, 0; 1, 0; 
1, 0; 1, 0; 3, 523; 3, 217; 3, 276; 3, 283; 3, 259; 2, 107; 2, 0; 2, 0; 1, 0; 1, 0; 
1, 0; 3, 348; 3, 216; 3, 210; 3, 242; 3, 214; 3, 210; 2, 136; 2, 0; 2, 0; 1, 0; 1, 0; 
1, 0; 1, 0; 3, 206; 3, 286; 3, 216; 3, 278; 3, 208; 2, 148; 2, 16; 2, 6; 1, 0; 1, 0; 
1, 0; 3, 352; 3, 208; 3, 216; 3, 243; 3, 212; 3, 216; 3, 227; 2, 2; 2, 0; 1, 0; 1, 0; 
1, 0; 1, 0; 3, 204; 3, 268; 3, 212; 3, 259; 3, 239; 2, 105; 2, 16; 2, 4; 1, 0; 1, 0; 
1, 0; 1, 0; 3, 210; 3, 210; 3, 216; 3, 271; 3, 259; 2, 103; 2, 2; 2, 0; 1, 0; 1, 0; 
1, 0; 3, 366; 3, 340; 3, 212; 3, 246; 3, 249; 3, 245; 2, 107; 2, 2; 2, 0; 1, 0; 1, 0; 
1, 0; 1, 0; 3, 206; 3, 212; 3, 214; 3, 310; 3, 284; 2, 105; 2, 0; 2, 6; 1, 0; 1, 0; 
1, 0; 1, 0; 3, 322; 3, 218; 3, 210; 3, 326; 3, 212; 3, 218; 2, 0; 2, 71; 1, 0; 1, 0; 
1, 0; 3, 346; 3, 214; 3, 206; 3, 228; 3, 214; 3, 206; 3, 210; 3, 105; 2, 2; 1, 0; 1, 0; 
1, 0; 3, 400; 3, 273; 3, 212; 3, 261; 3, 212; 3, 263; 2, 136; 2, 2; 2, 0; 1, 0; 
1, 0; 3, 352; 3, 220; 3, 214; 3, 220; 3, 237; 3, 214; 3, 237; 2, 0; 2, 0; 1, 0; 1, 0; 
1, 0; 1, 0; 3, 224; 3, 255; 3, 208; 3, 284; 3, 208; 3, 280; 2, 0; 2, 0; 1, 0; 1, 0; 
1, 0; 1, 0; 3, 216; 3, 247; 3, 208; 3, 300; 3, 241; 2, 105; 2, 0; 2, 4; 1, 0; 1, 0; 
1, 0; 1, 0; 3, 208; 3, 220; 3, 280; 3, 237; 3, 239; 2, 150; 2, 0; 2, 2; 1, 0; 1, 0; 
1, 0; 3, 278; 3, 210; 3, 208; 3, 263; 3, 210; 3, 210; 3, 224; 2, 0; 2, 2; 1, 0; 1, 0; 
1, 0; 1, 0; 3, 445; 3, 212; 3, 222; 3, 218; 3, 208; 2, 107; 2, 2; 2, 0; 1, 0; 1, 0; 
1, 0; 3, 374; 3, 338; 3, 214; 3, 239; 3, 245; 3, 253; 3, 176; 2, 0; 2, 77; 1, 0; 1, 0; 
1, 0; 1, 0; 3, 224; 3, 220; 3, 214; 3, 212; 3, 234; 3, 275; 2, 28; 2, 0; 1, 0; 1, 0; 
1, 0; 3, 226; 3, 218; 3, 216; 3, 242; 3, 217; 3, 216; 3, 214; 2, 0; 2, 2; 1, 0; 1, 0; 
1, 0; 1, 0; 3, 446; 3, 206; 3, 216; 3, 267; 3, 210; 2, 105; 2, 2; 2, 0; 1, 0; 1, 0; 
1, 0; 3, 370; 3, 332; 3, 210; 3, 214; 3, 251; 3, 208; 3, 241; 2, 0; 2, 2; 1, 0; 1, 0; 
1, 0; 1, 0; 3, 210; 3, 220; 3, 222; 3, 278; 3, 214; 2, 107; 2, 0; 2, 0; 1, 0; 1, 0; 
1, 0; 3, 238; 3, 214; 3, 206; 3, 230; 3, 210; 3, 235; 3, 202; 2, 0; 2, 0; 1, 0; 1, 0; 
1, 0; 1, 0; 3, 567; 3, 214; 3, 222; 3, 212; 3, 206; 2, 134; 2, 2; 2, 0; 1, 0; 1, 0; 
1, 0; 3, 388; 3, 334; 3, 208; 3, 216; 3, 255; 3, 212; 3, 249; 2, 2; 2, 0; 1, 0; 1, 0; 
1, 0; 1, 0; 3, 218; 3, 265; 3, 208; 3, 276; 3, 257; 2, 113; 2, 0; 2, 6; 1, 0; 1, 0; 
1, 0; 1, 0; 3, 210; 3, 212; 3, 261; 3, 226; 3, 208; 2, 134; 2, 0; 2, 0; 1, 0; 1, 0; 
1, 0; 3, 304; 3, 214; 3, 210; 3, 243; 3, 212; 3, 210; 3, 233; 3, 148; 2, 0; 1, 0; 1, 0; 
1, 0; 3, 344; 3, 233; 3, 214; 3, 212; 3, 265; 3, 210; 3, 208; 3, 107; 2, 0; 1, 0; 1, 0; 
1, 0; 3, 376; 3, 340; 3, 210; 3, 247; 3, 214; 3, 212; 2, 132; 2, 0; 2, 0; 1, 0; 1, 0; 
1, 0; 1, 0; 3, 210; 3, 226; 3, 210; 3, 226; 3, 208; 2, 105; 2, 0; 2, 2; 1, 0; 1, 0; 
1, 0; 3, 372; 3, 344; 3, 208; 3, 286; 3, 210; 3, 226; 1, 0; 2, 0; 2, 0; 1, 0; 1, 0; 
1, 0; 1, 0; 3, 206; 3, 210; 3, 216; 3, 405; 3, 255; 2, 109; 2, 2; 2, 0; 1, 0; 1, 0; 
1, 0; 3, 370; 3, 334; 3, 214; 3, 251; 3, 218; 3, 210; 2, 134; 2, 0; 2, 0; 1, 0; 1, 0; 
1, 0; 1, 0; 3, 216; 3, 216; 3, 257; 3, 273; 3, 210; 2, 105; 2, 2; 2, 0; 1, 0; 1, 0; 
1, 0; 3, 364; 3, 328; 3, 214; 3, 229; 3, 245; 3, 214; 2, 132; 2, 0; 2, 0; 1, 0; 1, 0; 
1, 0; 1, 0; 3, 210; 3, 216; 3, 212; 3, 352; 3, 247; 2, 105; 2, 0; 2, 0; 1, 0; 1, 0; 
1, 0; 1, 0; 3, 214; 3, 245; 3, 237; 3, 248; 3, 218; 2, 105; 2, 0; 2, 0; 2, 0; 1, 0; 1, 0; 
1, 0; 1, 0; 3, 214; 3, 246; 3, 210; 3, 326; 3, 208; 3, 208; 2, 0; 2, 0; 1, 0; 1, 0; 
1, 0; 1, 0; 3, 218; 3, 255; 3, 210; 3, 308; 3, 261; 2, 103; 2, 14; 2, 6; 1, 0; 1, 0; 
1, 0; 3, 352; 3, 216; 3, 220; 3, 241; 3, 214; 3, 212; 3, 221; 2, 2; 2, 0; 1, 0; 1, 0; 
1, 0; 1, 0; 3, 208; 3, 296; 3, 214; 3, 249; 3, 208; 2, 140; 2, 16; 2, 4; 1, 0; 1, 0; 
1, 0; 3, 348; 3, 218; 3, 210; 3, 241; 3, 210; 3, 216; 3, 245; 2, 2; 2, 0; 1, 0; 1, 0; 
1, 0; 1, 0; 3, 210; 3, 278; 3, 212; 3, 264; 3, 214; 2, 105; 2, 16; 2, 4; 1, 0; 1, 0; 
1, 0; 1, 0; 3, 218; 3, 212; 3, 249; 3, 316; 3, 245; 2, 103; 2, 0; 2, 0; 1, 0; 1, 0; 
1, 0; 3, 372; 3, 340; 3, 216; 3, 253; 3, 214; 3, 210; 2, 91; 2, 0; 2, 0; 1, 0; 1, 0; 
1, 0; 1, 0; 3, 214; 3, 232; 3, 218; 3, 210; 3, 214; 2, 109; 2, 2; 2, 0; 1, 0; 1, 0; 
1, 0; 3, 372; 3, 332; 3, 216; 3, 220; 3, 212; 3, 216; 3, 235; 2, 0; 2, 0; 1, 0; 1, 0; 
1, 0; 1, 0; 3, 212; 3, 216; 3, 269; 3, 255; 3, 247; 2, 105; 2, 0; 2, 0; 1, 0; 1, 0; 
1, 0; 3, 368; 3, 334; 3, 210; 3, 234; 3, 227; 3, 210; 2, 107; 2, 0; 2, 0; 1, 0; 1, 0; 
1, 0; 1, 0; 3, 212; 3, 230; 3, 210; 3, 251; 3, 253; 2, 105; 2, 0; 2, 0; 1, 0; 1, 0; 
1, 0; 3, 368; 3, 312; 3, 216; 3, 253; 3, 210; 3, 282; 2, 103; 2, 0; 2, 0; 1, 0; 
1, 0; 1, 0; 3, 210; 3, 247; 3, 214; 3, 212; 3, 208; 2, 105; 2, 0; 2, 0; 1, 0; 1, 0; 
1, 0; 3, 364; 3, 324; 3, 212; 3, 249; 3, 214; 3, 251; 2, 138; 2, 0; 2, 0; 1, 0; 1, 0; 
1, 0; 1, 0; 3, 212; 3, 261; 3, 210; 3, 355; 3, 257; 2, 140; 2, 0; 2, 0; 1, 0; 1, 0; 
1, 0; 3, 406; 3, 344; 3, 214; 3, 208; 3, 272; 3, 212; 3, 206; 2, 2; 2, 2; 1, 0; 1, 0; 
1, 0; 1, 0; 3, 212; 3, 212; 3, 251; 3, 267; 3, 241; 2, 105; 2, 0; 2, 6; 1, 0; 1, 0; 
1, 0; 3, 394; 3, 332; 3, 212; 3, 216; 3, 214; 3, 210; 3, 237; 2, 2; 2, 0; 1, 0; 1, 0; 
1, 0; 1, 0; 3, 214; 3, 282; 3, 210; 3, 212; 3, 206; 2, 109; 2, 0; 2, 6; 1, 0; 1, 0; 
1, 0; 3, 394; 3, 270; 3, 216; 3, 232; 3, 249; 3, 204; 3, 220; 2, 2; 2, 0; 1, 0; 1, 0; 
1, 0; 1, 0; 3, 214; 3, 265; 3, 223; 3, 265; 3, 206; 2, 136; 2, 0; 2, 6; 1, 0; 1, 0; 
1, 0; 3, 395; 3, 273; 3, 214; 3, 210; 3, 253; 3, 208; 3, 241; 2, 2; 2, 0; 1, 0; 1, 0; 
1, 0; 1, 0; 3, 208; 3, 302; 3, 206; 3, 241; 3, 235; 2, 105; 2, 14; 2, 4; 1, 0; 1, 0; 
1, 0; 3, 384; 3, 224; 3, 210; 3, 237; 3, 220; 3, 210; 2, 119; 2, 2; 2, 0; 1, 0; 1, 0; 
1, 0; 1, 0; 3, 216; 3, 243; 3, 208; 3, 295; 3, 243; 2, 103; 2, 16; 2, 4; 1, 0; 1, 0; 
1, 0; 3, 368; 3, 212; 3, 210; 3, 208; 3, 258; 3, 212; 3, 206; 2, 2; 2, 0; 1, 0; 1, 0; 
1, 0; 1, 0; 3, 214; 3, 279; 3, 208; 3, 282; 3, 210; 2, 105; 2, 14; 2, 4; 1, 0; 1, 0; 
1, 0; 1, 0; 3, 208; 3, 239; 3, 210; 3, 308; 3, 237; 2, 107; 2, 0; 2, 2; 1, 0; 1, 0; 
1, 0; 3, 218; 3, 218; 3, 206; 3, 251; 3, 210; 3, 235; 3, 249; 2, 0; 2, 0; 1, 0; 1, 0; 
1, 0; 1, 0; 3, 247; 3, 229; 3, 208; 3, 210; 3, 220; 2, 105; 2, 0; 2, 0; 1, 0; 1, 0; 
1, 0; 1, 0; 3, 245; 3, 214; 3, 288; 3, 234; 3, 245; 2, 136; 2, 2; 2, 0; 1, 0; 1, 0; 
1, 0; 1, 0; 3, 214; 3, 210; 3, 212; 3, 245; 3, 218; 3, 204; 2, 0; 2, 0; 1, 0; 1, 0; 
1, 0; 1, 0; 3, 295; 3, 216; 3, 208; 3, 312; 3, 210; 2, 105; 2, 0; 2, 0; 1, 0; 1, 0; 
1, 0; 3, 314; 3, 212; 3, 206; 3, 270; 3, 206; 3, 218; 3, 272; 3, 107; 2, 2; 1, 0; 1, 0; 
1, 0; 3, 400; 3, 255; 3, 210; 3, 222; 3, 222; 3, 214; 3, 239; 2, 2; 2, 0; 1, 0; 1, 0; 
1, 0; 1, 0; 3, 210; 3, 296; 3, 210; 3, 214; 3, 210; 2, 105; 2, 16; 2, 4; 1, 0; 1, 0; 
1, 0; 3, 352; 3, 222; 3, 208; 3, 243; 3, 239; 3, 212; 2, 107; 2, 0; 2, 0; 1, 0; 1, 0; 
1, 0; 1, 0; 3, 208; 3, 294; 3, 214; 3, 249; 3, 214; 2, 105; 2, 14; 2, 4; 1, 0; 1, 0; 
1, 0; 3, 362; 3, 216; 3, 210; 3, 214; 3, 216; 3, 214; 3, 241; 2, 2; 2, 0; 1, 0; 1, 0; 
1, 0; 1, 0; 3, 216; 3, 298; 3, 216; 3, 218; 3, 216; 2, 103; 2, 14; 2, 4; 1, 0; 1, 0; 
1, 0; 3, 382; 3, 216; 3, 214; 3, 210; 3, 266; 3, 206; 3, 214; 2, 2; 2, 0; 1, 0; 1, 0; 
1, 0; 1, 0; 3, 220; 3, 284; 3, 208; 3, 263; 3, 241; 2, 103; 2, 16; 2, 4; 1, 0; 1, 0; 
1, 0; 3, 392; 3, 212; 3, 214; 3, 243; 3, 210; 3, 212; 2, 144; 2, 0; 2, 0; 1, 0; 1, 0; 
1, 0; 1, 0; 3, 210; 3, 284; 3, 210; 3, 276; 3, 210; 2, 107; 2, 14; 2, 6; 1, 0; 1, 0; 
