1, 0; 5, 446; 5, 412; 5, 416; 5, 457; 5, 410; 5, 472; 3, 245; 3, 105; 2, 0; 1, 0; 1, 0; 
1, 0; 1, 0; 5, 408; 5, 514; 5, 416; 5, 530; 5, 459; 5, 424; 2, 0; 2, 0; 1, 0; 1, 0; 
1, 0; 1, 0; 5, 442; 5, 480; 5, 412; 5, 667; 5, 458; 5, 469; 2, 0; 2, 0; 2, 0; 2, 0; 2, 0; 2, 0; 2, 0; 2, 0; 2, 0; 2, 0; 2, 0; 2, 0; 1, 0; 1, 0; 
1, 0; 2, 164; 5, 451; 5, 440; 5, 422; 5, 512; 5, 437; 5, 418; 2, 0; 2, 0; 1, 0; 1, 0; 
1, 0; 1, 0; 5, 434; 5, 477; 5, 416; 5, 503; 5, 430; 5, 453; 2, 0; 2, 0; 1, 0; 1, 0; 
1, 0; 5, 586; 5, 430; 5, 414; 5, 538; 5, 410; 5, 410; 3, 267; 3, 105; 2, 0; 1, 0; 1, 0; 
1, 0; 1, 0; 5, 440; 5, 472; 5, 412; 5, 517; 5, 432; 5, 425; 2, 0; 2, 0; 1, 0; 1, 0; 
1, 0; 1, 0; 5, 711; 5, 414; 5, 506; 5, 419; 5, 456; 5, 428; 2, 0; 2, 0; 1, 0; 1, 0; 
1, 0; 5, 542; 5, 426; 5, 426; 5, 486; 5, 437; 5, 422; 5, 470; 3, 105; 2, 0; 1, 0; 1, 0; 
1, 0; 5, 740; 5, 525; 5, 440; 5, 426; 5, 505; 5, 424; 5, 451; 2, 0; 2, 0; 1, 0; 1, 0; 1, 0; 
1, 0; 3, 310; 5, 424; 5, 510; 5, 418; 5, 595; 5, 416; 5, 424; 2, 0; 2, 0; 1, 0; 1, 0; 
1, 0; 1, 0; 5, 434; 5, 511; 5, 420; 5, 511; 5, 461; 4, 329; 2, 0; 2, 0; 1, 0; 1, 0; 1, 0; 
1, 0; 1, 0; 5, 980; 5, 418; 5, 443; 5, 449; 5, 467; 5, 422; 2, 0; 2, 2; 2, 0; 1, 0; 
1, 0; 1, 0; 5, 682; 5, 418; 5, 457; 5, 496; 5, 406; 5, 486; 2, 0; 2, 0; 1, 0; 1, 0; 
1, 0; 5, 458; 5, 412; 5, 416; 5, 470; 5, 443; 5, 414; 5, 431; 3, 144; 2, 0; 1, 0; 1, 0; 
1, 0; 1, 0; 5, 491; 5, 434; 5, 542; 5, 510; 5, 508; 5, 402; 2, 0; 2, 0; 2, 0; 2, 0; 1, 0; 
1, 0; 1, 0; 5, 414; 5, 422; 5, 439; 5, 533; 5, 472; 4, 315; 2, 0; 2, 2; 1, 0; 1, 0; 
1, 0; 1, 0; 5, 494; 5, 428; 5, 513; 5, 598; 5, 494; 5, 418; 2, 0; 2, 2; 1, 0; 1, 0; 
1, 0; 1, 0; 5, 420; 5, 428; 5, 435; 5, 683; 5, 538; 4, 317; 2, 0; 2, 0; 1, 0; 1, 0; 
1, 0; 1, 0; 5, 443; 5, 453; 5, 509; 5, 473; 5, 429; 5, 427; 2, 0; 2, 0; 1, 0; 1, 0; 
1, 0; 5, 792; 5, 634; 5, 420; 5, 403; 5, 426; 5, 408; 5, 503; 2, 0; 2, 0; 1, 0; 1, 0; 
1, 0; 5, 706; 5, 556; 5, 436; 5, 424; 5, 488; 5, 462; 5, 455; 2, 2; 2, 0; 2, 4; 1, 0; 
1, 0; 1, 0; 5, 551; 5, 432; 5, 488; 5, 527; 5, 495; 4, 334; 2, 0; 2, 0; 1, 0; 1, 0; 
1, 0; 1, 0; 5, 428; 5, 386; 5, 545; 5, 321; 5, 420; 5, 443; 3, 71; 2, 0; 1, 0; 1, 0; 1, 0; 
1, 0; 5, 740; 5, 638; 5, 426; 5, 418; 5, 460; 5, 420; 5, 414; 2, 0; 2, 0; 1, 0; 1, 0; 
1, 0; 1, 0; 5, 806; 5, 396; 5, 533; 5, 479; 5, 451; 5, 449; 2, 0; 2, 0; 2, 2; 1, 0; 
1, 0; 1, 0; 5, 674; 5, 414; 5, 488; 5, 548; 5, 484; 4, 352; 2, 2; 2, 0; 1, 0; 1, 0; 
1, 0; 1, 0; 5, 759; 5, 418; 5, 500; 5, 518; 5, 420; 5, 462; 2, 0; 2, 0; 1, 0; 1, 0; 
1, 0; 1, 0; 5, 438; 5, 443; 5, 463; 5, 664; 5, 472; 5, 424; 2, 2; 2, 0; 2, 0; 2, 0; 1, 0; 1, 0; 
1, 0; 1, 0; 5, 426; 5, 418; 5, 461; 5, 420; 5, 420; 5, 428; 2, 0; 2, 2; 1, 0; 1, 0; 
1, 0; 1, 0; 5, 430; 5, 492; 5, 418; 5, 716; 5, 478; 5, 420; 2, 0; 2, 0; 1, 0; 1, 0; 1, 0; 
1, 0; 5, 550; 5, 418; 5, 424; 5, 485; 5, 441; 5, 410; 4, 315; 3, 103; 2, 0; 2, 0; 1, 0; 1, 0; 
1, 0; 1, 0; 5, 426; 5, 432; 5, 507; 5, 452; 5, 416; 4, 350; 2, 0; 2, 0; 1, 0; 1, 0; 
1, 0; 1, 0; 5, 583; 5, 432; 5, 437; 5, 462; 5, 422; 5, 455; 3, 30; 2, 0; 2, 0; 2, 2; 1, 0; 1, 0; 
1, 0; 5, 808; 5, 662; 5, 422; 5, 442; 5, 491; 5, 478; 5, 455; 2, 2; 2, 2; 1, 0; 1, 0; 
1, 0; 1, 0; 5, 426; 5, 482; 5, 474; 5, 418; 5, 422; 5, 451; 2, 0; 2, 0; 1, 0; 1, 0; 1, 0; 
1, 0; 5, 764; 5, 582; 5, 447; 5, 347; 5, 577; 5, 463; 5, 453; 2, 0; 2, 0; 1, 0; 1, 0; 
1, 0; 5, 751; 5, 596; 5, 451; 5, 416; 5, 484; 5, 416; 5, 348; 2, 2; 2, 0; 2, 0; 1, 0; 1, 0; 
1, 0; 1, 0; 5, 384; 5, 422; 5, 468; 5, 421; 5, 453; 5, 323; 4, 225; 2, 0; 1, 0; 1, 0; 1, 0; 1, 0; 
1, 0; 5, 800; 5, 593; 5, 426; 5, 430; 5, 495; 5, 400; 5, 424; 3, 144; 2, 0; 1, 0; 1, 0; 
1, 0; 1, 0; 5, 418; 5, 418; 5, 470; 5, 414; 5, 482; 5, 446; 5, 285; 2, 0; 2, 0; 1, 0; 1, 0; 
1, 0; 1, 0; 5, 430; 5, 511; 5, 412; 5, 467; 5, 487; 5, 422; 3, 113; 2, 0; 1, 0; 1, 0; 1, 0; 1, 0; 
1, 0; 5, 748; 5, 562; 5, 410; 5, 449; 5, 441; 5, 447; 4, 342; 2, 2; 2, 2; 1, 0; 1, 0; 
1, 0; 1, 0; 5, 432; 5, 518; 5, 418; 5, 541; 5, 444; 5, 426; 2, 0; 2, 0; 1, 0; 1, 0; 
1, 0; 1, 0; 5, 457; 5, 364; 5, 191; 5, 457; 5, 370; 5, 436; 3, 254; 3, 107; 2, 0; 2, 4; 1, 0; 2, 14; 
1, 0; 1, 0; 5, 596; 5, 414; 5, 420; 5, 439; 5, 450; 5, 428; 3, 113; 2, 0; 1, 0; 1, 0; 1, 0; 
1, 0; 1, 0; 5, 423; 5, 509; 5, 422; 5, 608; 5, 535; 5, 465; 3, 107; 2, 0; 2, 0; 1, 0; 1, 0; 
1, 0; 1, 0; 5, 891; 5, 426; 5, 465; 5, 436; 5, 437; 5, 418; 2, 2; 2, 0; 2, 2; 1, 0; 1, 0; 
1, 0; 1, 0; 5, 440; 5, 430; 5, 420; 5, 610; 5, 466; 5, 426; 3, 105; 2, 0; 2, 0; 2, 0; 2, 0; 2, 0; 2, 0; 2, 0; 1, 0; 
1, 0; 1, 0; 5, 840; 5, 418; 5, 463; 5, 351; 5, 435; 5, 437; 3, 43; 2, 0; 2, 2; 2, 2; 2, 0; 1, 0; 1, 0; 1, 0; 
1, 0; 5, 761; 5, 534; 5, 492; 5, 425; 5, 495; 5, 444; 5, 458; 3, 101; 2, 2; 1, 0; 1, 0; 
1, 0; 1, 0; 5, 448; 5, 422; 5, 494; 5, 557; 5, 498; 5, 478; 2, 0; 2, 2; 2, 0; 2, 0; 2, 0; 1, 0; 
1, 0; 1, 0; 5, 412; 5, 418; 5, 482; 5, 503; 5, 475; 5, 439; 2, 0; 2, 0; 1, 0; 1, 0; 
1, 0; 1, 0; 5, 705; 5, 442; 5, 527; 5, 429; 5, 524; 5, 434; 3, 124; 2, 0; 2, 0; 2, 0; 1, 0; 1, 0; 
1, 0; 1, 0; 5, 432; 5, 542; 5, 416; 5, 562; 5, 487; 5, 416; 2, 0; 2, 0; 2, 0; 1, 0; 1, 0; 1, 0; 
1, 0; 1, 0; 5, 779; 5, 411; 5, 546; 5, 475; 5, 467; 5, 451; 2, 0; 2, 0; 1, 0; 1, 0; 
1, 0; 1, 0; 5, 637; 5, 428; 5, 539; 5, 522; 5, 467; 5, 484; 2, 0; 2, 0; 1, 0; 1, 0; 
1, 0; 1, 0; 5, 412; 5, 475; 5, 420; 5, 445; 5, 451; 5, 422; 2, 0; 2, 0; 1, 0; 1, 0; 
1, 0; 5, 758; 5, 434; 5, 410; 5, 414; 5, 414; 5, 445; 5, 453; 3, 105; 2, 0; 1, 0; 1, 0; 
1, 0; 5, 764; 5, 443; 5, 416; 5, 412; 5, 499; 5, 420; 5, 416; 2, 0; 2, 2; 1, 0; 1, 0; 
1, 0; 5, 634; 5, 420; 5, 410; 5, 487; 5, 482; 5, 414; 5, 464; 3, 107; 2, 2; 1, 0; 1, 0; 
1, 0; 1, 0; 5, 906; 5, 405; 5, 422; 5, 453; 5, 422; 5, 423; 2, 0; 2, 0; 1, 0; 1, 0; 1, 0; 
1, 0; 5, 712; 5, 493; 5, 422; 5, 449; 5, 449; 5, 422; 5, 473; 2, 0; 2, 2; 2, 0; 2, 2; 2, 0; 2, 0; 1, 0; 
1, 0; 1, 0; 5, 430; 5, 438; 5, 512; 5, 414; 5, 314; 5, 442; 2, 0; 2, 0; 1, 0; 1, 0; 
1, 0; 1, 0; 5, 544; 5, 424; 5, 502; 5, 460; 5, 445; 5, 457; 2, 0; 2, 0; 2, 0; 1, 0; 1, 0; 
1, 0; 5, 735; 5, 428; 5, 434; 5, 521; 5, 420; 5, 454; 3, 256; 2, 0; 2, 0; 1, 0; 1, 0; 
1, 0; 1, 0; 5, 445; 5, 512; 5, 430; 5, 525; 5, 444; 5, 453; 2, 0; 2, 0; 1, 0; 1, 0; 
1, 0; 1, 0; 5, 426; 5, 470; 5, 439; 5, 615; 5, 483; 5, 447; 2, 0; 2, 0; 1, 0; 1, 0; 
1, 0; 1, 0; 5, 435; 5, 424; 5, 484; 5, 591; 5, 504; 5, 463; 2, 0; 2, 0; 1, 0; 1, 0; 
1, 0; 1, 0; 5, 503; 5, 422; 5, 553; 5, 517; 5, 505; 5, 447; 2, 0; 2, 0; 1, 0; 1, 0; 
1, 0; 5, 564; 5, 422; 5, 420; 5, 548; 5, 418; 5, 422; 4, 404; 3, 105; 2, 2; 1, 0; 1, 0; 
1, 0; 5, 700; 5, 453; 5, 420; 5, 494; 5, 457; 5, 476; 3, 243; 2, 2; 2, 0; 1, 0; 1, 0; 
1, 0; 1, 0; 5, 418; 5, 466; 5, 414; 5, 727; 5, 509; 5, 451; 2, 0; 2, 0; 1, 0; 1, 0; 
1, 0; 1, 0; 5, 424; 5, 424; 5, 474; 5, 584; 5, 453; 5, 424; 2, 0; 2, 0; 1, 0; 1, 0; 
1, 0; 1, 0; 5, 506; 5, 426; 5, 476; 5, 542; 5, 496; 5, 461; 2, 0; 2, 2; 1, 0; 1, 0; 
1, 0; 5, 516; 5, 432; 5, 430; 5, 542; 5, 422; 5, 430; 3, 238; 3, 105; 2, 2; 1, 0; 1, 0; 
1, 0; 5, 743; 5, 432; 5, 428; 5, 521; 5, 420; 5, 424; 5, 448; 2, 0; 2, 2; 1, 0; 1, 0; 
1, 0; 1, 0; 5, 444; 5, 506; 5, 420; 5, 711; 5, 478; 5, 447; 2, 0; 2, 0; 1, 0; 1, 0; 
1, 0; 1, 0; 5, 424; 5, 418; 5, 425; 5, 647; 5, 501; 5, 435; 2, 0; 2, 0; 1, 0; 1, 0; 
1, 0; 1, 0; 5, 484; 5, 424; 5, 492; 5, 606; 5, 494; 5, 424; 2, 0; 2, 0; 1, 0; 1, 0; 
1, 0; 5, 546; 5, 430; 5, 430; 5, 517; 5, 418; 5, 447; 3, 229; 3, 134; 2, 0; 1, 0; 1, 0; 
1, 0; 5, 768; 5, 451; 5, 414; 5, 462; 5, 431; 5, 424; 5, 490; 2, 0; 2, 0; 1, 0; 1, 0; 
1, 0; 1, 0; 5, 440; 5, 533; 5, 422; 5, 540; 5, 432; 5, 426; 2, 0; 2, 0; 1, 0; 1, 0; 
1, 0; 1, 0; 5, 440; 5, 496; 5, 422; 5, 668; 5, 480; 5, 420; 2, 0; 2, 2; 1, 0; 1, 0; 
1, 0; 1, 0; 5, 432; 5, 430; 5, 492; 5, 536; 5, 439; 5, 470; 2, 0; 2, 0; 1, 0; 1, 0; 
1, 0; 1, 0; 5, 736; 5, 422; 5, 482; 5, 475; 5, 441; 5, 484; 2, 0; 2, 0; 1, 0; 1, 0; 
1, 0; 1, 0; 5, 817; 5, 422; 5, 500; 5, 453; 5, 416; 5, 459; 2, 0; 2, 0; 2, 2; 1, 0; 
1, 0; 5, 542; 5, 419; 5, 426; 5, 503; 5, 422; 5, 419; 5, 433; 3, 134; 2, 0; 1, 0; 1, 0; 
