1, 0; 1, 0; 2, 107; 2, 134; 2, 105; 2, 101; 2, 107; 2, 107; 2, 2; 2, 0; 1, 0; 
1, 0; 1, 0; 2, 107; 2, 105; 2, 148; 2, 97; 2, 109; 2, 107; 2, 0; 2, 0; 1, 0; 1, 0; 
1, 0; 2, 118; 2, 103; 2, 103; 2, 158; 2, 105; 2, 105; 2, 144; 2, 0; 2, 0; 1, 0; 1, 0; 
1, 0; 2, 142; 2, 107; 2, 107; 2, 152; 2, 105; 2, 105; 2, 140; 2, 0; 1, 0; 1, 0; 
1, 0; 2, 162; 2, 105; 2, 105; 2, 154; 2, 103; 2, 115; 1, 0; 2, 0; 2, 0; 1, 0; 1, 0; 
1, 0; 1, 0; 2, 190; 2, 103; 2, 146; 2, 103; 2, 107; 2, 113; 2, 0; 2, 0; 1, 0; 
1, 0; 1, 0; 2, 107; 2, 136; 2, 105; 2, 109; 2, 101; 2, 105; 2, 0; 2, 0; 1, 0; 1, 0; 
1, 0; 1, 0; 2, 111; 2, 140; 2, 107; 2, 138; 2, 132; 2, 109; 2, 0; 2, 0; 1, 0; 1, 0; 
1, 0; 1, 0; 2, 109; 2, 103; 2, 105; 2, 134; 2, 132; 2, 107; 2, 0; 2, 0; 1, 0; 1, 0; 
1, 0; 1, 0; 2, 109; 2, 105; 2, 158; 2, 105; 2, 107; 2, 150; 2, 0; 2, 0; 1, 0; 1, 0; 
1, 0; 1, 0; 2, 105; 2, 107; 2, 140; 2, 136; 2, 121; 2, 104; 2, 0; 2, 0; 1, 0; 1, 0; 
1, 0; 1, 0; 2, 105; 2, 105; 2, 112; 2, 146; 2, 144; 2, 103; 2, 0; 2, 0; 1, 0; 1, 0; 
1, 0; 1, 0; 2, 107; 2, 111; 2, 144; 2, 107; 2, 109; 2, 105; 2, 0; 1, 0; 1, 0; 
1, 0; 1, 0; 2, 201; 2, 107; 2, 140; 2, 109; 2, 107; 2, 105; 2, 0; 1, 0; 1, 0; 
1, 0; 1, 0; 2, 316; 2, 107; 2, 105; 2, 138; 2, 107; 2, 105; 2, 0; 2, 79; 1, 0; 1, 0; 
1, 0; 1, 0; 2, 111; 2, 146; 2, 111; 2, 164; 2, 130; 2, 105; 2, 0; 2, 0; 1, 0; 
1, 0; 2, 186; 2, 198; 2, 103; 2, 109; 2, 103; 2, 109; 2, 142; 2, 0; 2, 0; 1, 0; 
1, 0; 1, 0; 2, 107; 2, 128; 2, 107; 2, 180; 2, 117; 2, 103; 2, 0; 2, 0; 1, 0; 
1, 0; 1, 0; 2, 111; 2, 105; 2, 105; 2, 217; 2, 140; 2, 103; 2, 0; 2, 0; 1, 0; 
1, 0; 1, 0; 2, 103; 2, 140; 2, 109; 2, 156; 2, 105; 2, 103; 2, 0; 2, 0; 1, 0; 1, 0; 
1, 0; 2, 146; 2, 105; 2, 103; 2, 105; 2, 109; 2, 142; 1, 0; 2, 0; 2, 6; 1, 0; 
1, 0; 2, 158; 2, 109; 2, 103; 2, 105; 2, 101; 2, 105; 2, 119; 2, 0; 2, 4; 1, 0; 
1, 0; 2, 162; 2, 105; 2, 109; 2, 150; 2, 103; 2, 102; 2, 113; 2, 0; 2, 4; 1, 0; 
1, 0; 2, 166; 2, 109; 2, 107; 2, 150; 2, 103; 2, 109; 1, 0; 2, 0; 2, 6; 1, 0; 
1, 0; 2, 191; 2, 111; 2, 107; 2, 122; 2, 109; 2, 103; 2, 142; 2, 0; 2, 0; 1, 0; 
1, 0; 1, 0; 2, 112; 2, 111; 2, 105; 2, 140; 2, 136; 1, 0; 2, 0; 1, 0; 1, 0; 
1, 0; 1, 0; 2, 109; 2, 103; 2, 144; 2, 144; 2, 140; 2, 102; 2, 0; 1, 0; 1, 0; 
1, 0; 1, 0; 2, 105; 2, 105; 2, 122; 2, 130; 2, 122; 2, 107; 2, 0; 1, 0; 1, 0; 
1, 0; 1, 0; 2, 116; 2, 107; 2, 146; 2, 105; 2, 107; 2, 101; 2, 0; 1, 0; 1, 0; 
1, 0; 1, 0; 2, 107; 2, 105; 2, 109; 2, 180; 2, 105; 2, 138; 2, 2; 2, 0; 1, 0; 1, 0; 
1, 0; 1, 0; 2, 103; 2, 103; 2, 115; 2, 208; 2, 146; 2, 105; 2, 0; 2, 0; 1, 0; 
1, 0; 1, 0; 2, 103; 2, 105; 2, 140; 2, 111; 2, 106; 2, 105; 2, 0; 2, 0; 1, 0; 
1, 0; 1, 0; 2, 6; 2, 103; 2, 128; 2, 105; 2, 120; 2, 148; 3, 103; 2, 0; 1, 0; 1, 0; 
1, 0; 1, 0; 2, 112; 2, 105; 2, 105; 2, 215; 2, 115; 1, 0; 2, 0; 1, 0; 1, 0; 
1, 0; 1, 0; 2, 105; 2, 105; 2, 138; 2, 107; 2, 105; 2, 105; 2, 0; 2, 6; 1, 0; 
1, 0; 1, 0; 2, 109; 2, 156; 2, 105; 2, 176; 2, 134; 2, 107; 2, 0; 2, 0; 1, 0; 
1, 0; 1, 0; 2, 113; 2, 109; 2, 103; 2, 138; 2, 105; 2, 132; 2, 0; 2, 0; 1, 0; 1, 0; 
1, 0; 1, 0; 2, 109; 2, 102; 2, 117; 2, 182; 2, 144; 2, 105; 2, 2; 2, 0; 1, 0; 1, 0; 
1, 0; 1, 0; 2, 126; 2, 107; 2, 128; 2, 103; 2, 107; 2, 130; 2, 0; 2, 71; 1, 0; 
1, 0; 1, 0; 2, 105; 2, 105; 2, 118; 2, 136; 2, 109; 2, 107; 2, 0; 2, 0; 1, 0; 1, 0; 
1, 0; 1, 0; 2, 114; 2, 146; 2, 105; 2, 154; 2, 146; 2, 103; 2, 0; 2, 0; 1, 0; 
1, 0; 1, 0; 2, 105; 2, 103; 2, 154; 2, 111; 2, 126; 2, 101; 2, 2; 2, 0; 1, 0; 
1, 0; 1, 0; 2, 111; 2, 152; 2, 105; 2, 109; 2, 105; 2, 103; 2, 0; 2, 0; 1, 0; 
1, 0; 1, 0; 2, 105; 2, 105; 2, 154; 2, 105; 2, 105; 2, 138; 2, 0; 2, 0; 1, 0; 
1, 0; 1, 0; 2, 107; 2, 113; 2, 103; 2, 103; 2, 103; 2, 109; 2, 0; 2, 0; 1, 0; 
1, 0; 2, 109; 2, 107; 2, 109; 2, 111; 2, 105; 2, 134; 1, 0; 2, 0; 1, 0; 1, 0; 
1, 0; 2, 180; 2, 111; 2, 103; 2, 150; 2, 103; 2, 120; 1, 0; 2, 0; 2, 2; 1, 0; 
1, 0; 2, 199; 2, 188; 2, 103; 2, 103; 2, 105; 2, 109; 2, 142; 2, 2; 2, 0; 1, 0; 
1, 0; 2, 162; 2, 105; 2, 107; 2, 107; 2, 105; 2, 140; 1, 0; 2, 0; 2, 4; 1, 0; 
1, 0; 2, 196; 2, 111; 2, 107; 2, 148; 2, 105; 2, 105; 1, 0; 2, 0; 2, 0; 1, 0; 
