0, 0, 0, 101, 158, 101, 99, 107, 99, 101, 101, 132, 138, 103, 101, 107, 0, 0, 2, 2, 0, 28, 0, 0, 0, 
0, 0, 0, 314, 105, 140, 136, 115, 101, 107, 101, 115, 101, 105, 103, 136, 166, 2, 0, 0, 0, 0, 0, 0, 
0, 0, 0, 288, 107, 127, 132, 132, 127, 101, 101, 101, 99, 105, 107, 99, 107, 166, 0, 42, 0, 0, 0, 0, 0, 
0, 0, 0, 109, 101, 101, 103, 105, 101, 101, 107, 148, 104, 99, 87, 127, 138, 0, 0, 0, 0, 0, 0, 0, 0, 0, 0, 
0, 0, 0, 308, 103, 113, 134, 129, 99, 107, 105, 229, 105, 101, 131, 136, 211, 0, 18, 0, 2, 0, 0, 0, 0, 
0, 0, 0, 282, 105, 101, 103, 136, 136, 109, 99, 101, 101, 109, 103, 105, 121, 2, 0, 0, 0, 0, 0, 0, 0, 
0, 0, 0, 302, 209, 162, 109, 101, 99, 101, 101, 111, 122, 142, 125, 107, 0, 2, 0, 0, 0, 0, 0, 0, 
0, 0, 0, 255, 107, 99, 109, 130, 132, 103, 101, 107, 103, 99, 105, 101, 126, 2, 0, 0, 0, 0, 0, 0, 
0, 0, 0, 300, 101, 101, 111, 134, 134, 111, 99, 26, 107, 107, 99, 99, 99, 2, 0, 0, 0, 0, 0, 0, 0, 
0, 0, 182, 101, 103, 107, 107, 99, 142, 148, 123, 99, 99, 107, 101, 263, 0, 26, 0, 4, 0, 0, 0, 0, 0, 0, 
0, 0, 0, 273, 107, 152, 138, 130, 103, 105, 103, 205, 99, 99, 129, 125, 0, 0, 0, 0, 0, 0, 0, 0, 0, 
0, 0, 0, 168, 275, 154, 110, 99, 99, 101, 103, 103, 130, 115, 101, 101, 0, 0, 0, 0, 0, 0, 0, 0, 
0, 0, 0, 107, 105, 101, 99, 99, 105, 101, 101, 132, 140, 99, 105, 105, 0, 0, 0, 16, 0, 0, 0, 0, 
0, 0, 0, 109, 109, 99, 101, 101, 120, 140, 99, 101, 99, 105, 107, 103, 0, 0, 2, 0, 0, 176, 0, 0, 
0, 0, 0, 150, 306, 156, 121, 101, 101, 105, 107, 128, 101, 134, 132, 105, 0, 0, 2, 0, 77, 0, 0, 0, 0, 
0, 0, 0, 308, 107, 126, 132, 128, 107, 107, 99, 144, 107, 105, 109, 138, 170, 0, 22, 0, 2, 0, 0, 0, 0, 
0, 0, 0, 203, 188, 168, 132, 120, 101, 107, 101, 119, 105, 107, 101, 105, 134, 2, 0, 0, 2, 0, 0, 0, 0, 
0, 0, 284, 105, 136, 128, 130, 134, 123, 99, 101, 99, 105, 101, 105, 103, 138, 0, 24, 0, 0, 0, 0, 0, 
0, 0, 271, 101, 101, 113, 129, 134, 101, 99, 101, 99, 107, 101, 105, 124, 0, 0, 16, 0, 0, 0, 0, 0, 
0, 0, 0, 103, 117, 101, 99, 101, 103, 134, 140, 105, 101, 103, 101, 105, 0, 0, 0, 2, 61, 0, 0, 0, 
0, 0, 298, 103, 101, 125, 133, 136, 118, 99, 99, 101, 101, 107, 101, 107, 188, 0, 42, 0, 0, 0, 0, 0, 
0, 0, 0, 101, 109, 99, 101, 105, 103, 99, 101, 225, 99, 99, 105, 277, 101, 32, 0, 12, 0, 0, 0, 0, 
0, 0, 0, 107, 107, 99, 101, 99, 109, 134, 131, 107, 99, 99, 107, 101, 0, 0, 0, 0, 8, 0, 0, 0, 
0, 0, 0, 109, 115, 101, 101, 107, 101, 99, 103, 215, 105, 99, 101, 118, 131, 0, 0, 53, 4, 0, 0, 0, 
0, 0, 292, 101, 99, 101, 133, 136, 120, 99, 99, 101, 105, 101, 109, 140, 190, 0, 34, 0, 10, 0, 0, 0, 0, 
0, 0, 278, 99, 101, 125, 130, 113, 109, 99, 128, 105, 105, 99, 130, 125, 170, 0, 38, 0, 4, 0, 0, 0, 0, 
0, 0, 0, 107, 107, 109, 99, 101, 142, 132, 101, 101, 99, 107, 103, 99, 0, 0, 0, 4, 0, 0, 0, 0, 
0, 0, 288, 107, 101, 120, 132, 138, 101, 101, 101, 101, 105, 99, 101, 101, 136, 0, 26, 0, 0, 0, 0, 0, 
0, 0, 273, 99, 101, 127, 126, 109, 107, 107, 156, 107, 103, 138, 130, 0, 170, 0, 41, 0, 0, 0, 0, 0, 
0, 0, 0, 170, 263, 164, 136, 124, 103, 101, 101, 99, 101, 107, 105, 99, 101, 0, 2, 0, 0, 0, 0, 0, 0, 
0, 0, 0, 166, 298, 103, 105, 109, 99, 101, 101, 160, 99, 132, 140, 105, 2, 2, 0, 0, 63, 0, 0, 0, 
0, 0, 0, 172, 296, 134, 107, 103, 99, 99, 99, 103, 140, 103, 105, 101, 0, 0, 0, 0, 57, 0, 0, 0, 0, 
0, 0, 0, 166, 309, 164, 117, 101, 101, 103, 105, 227, 101, 111, 150, 121, 2, 0, 0, 0, 73, 0, 0, 0, 0, 
0, 0, 275, 103, 99, 101, 132, 136, 142, 138, 112, 103, 101, 107, 99, 107, 152, 0, 18, 0, 4, 0, 0, 0, 0, 
0, 0, 308, 144, 134, 132, 132, 117, 99, 101, 125, 99, 99, 107, 130, 126, 124, 0, 18, 0, 4, 0, 0, 0, 0, 0, 0, 2, 0, 2, 0, 0, 0, 0, 2, 0, 0, 0, 0, 0, 0, 0, 0, 0, 0, 0, 0, 0, 
0, 0, 225, 109, 99, 109, 101, 99, 101, 101, 99, 182, 101, 101, 99, 103, 214, 0, 20, 0, 4, 0, 0, 0, 0, 
0, 0, 0, 284, 107, 111, 136, 122, 103, 107, 101, 198, 103, 103, 101, 140, 127, 168, 0, 40, 0, 0, 0, 0, 0, 
0, 0, 190, 101, 107, 109, 101, 99, 132, 148, 125, 101, 101, 105, 99, 251, 0, 16, 0, 4, 0, 0, 0, 0, 
0, 0, 269, 99, 101, 109, 101, 101, 144, 140, 99, 101, 101, 107, 103, 223, 0, 18, 0, 4, 0, 0, 0, 0, 
0, 0, 316, 99, 101, 107, 136, 136, 99, 101, 101, 101, 103, 103, 101, 128, 172, 2, 14, 0, 2, 0, 0, 0, 0, 
0, 0, 296, 101, 99, 101, 140, 136, 107, 101, 99, 101, 105, 101, 107, 142, 184, 0, 44, 0, 0, 0, 0, 0, 
0, 0, 0, 308, 101, 99, 107, 105, 103, 127, 140, 140, 119, 107, 101, 103, 154, 0, 18, 0, 4, 0, 0, 0, 0, 
0, 0, 0, 310, 99, 99, 136, 130, 107, 99, 99, 105, 101, 105, 101, 136, 187, 0, 20, 0, 0, 0, 0, 0, 0, 
0, 0, 0, 298, 127, 154, 136, 101, 101, 103, 103, 134, 101, 118, 136, 123, 0, 2, 0, 0, 0, 0, 0, 0, 
0, 0, 0, 284, 170, 158, 140, 109, 101, 107, 107, 115, 105, 107, 101, 105, 109, 2, 0, 0, 0, 0, 0, 0, 0, 0, 
0, 0, 0, 293, 105, 99, 101, 138, 132, 113, 99, 99, 99, 101, 107, 101, 0, 87, 0, 16, 0, 0, 0, 0, 
0, 0, 0, 300, 103, 126, 132, 126, 99, 103, 105, 233, 103, 117, 135, 107, 12, 2, 0, 0, 0, 0, 0, 0, 0, 
0, 0, 176, 101, 107, 101, 101, 99, 107, 101, 106, 136, 132, 112, 101, 101, 0, 0, 0, 0, 0, 6, 162, 0, 
0, 0, 0, 293, 204, 194, 111, 103, 99, 99, 107, 203, 101, 142, 130, 103, 0, 0, 0, 0, 0, 0, 0, 0, 0, 
0, 0, 0, 148, 294, 112, 105, 105, 99, 101, 105, 132, 107, 101, 101, 0, 0, 0, 2, 0, 75, 0, 0, 0, 
