1, 0; 2, 117; 2, 107; 2, 109; 2, 107; 2, 105; 2, 105; 1, 0; 2, 0; 1, 0; 1, 0; 
1, 0; 1, 0; 1, 0; 1, 0; 1, 0; 1, 0; 1, 0; 1, 0; 2, 0; 2, 0; 1, 0; 
1, 0; 1, 0; 1, 0; 1, 0; 1, 0; 1, 0; 1, 0; 1, 0; 2, 2; 2, 0; 1, 0; 
1, 0; 1, 0; 1, 0; 1, 0; 1, 0; 1, 0; 1, 0; 1, 0; 2, 0; 2, 0; 1, 0; 
1, 0; 1, 0; 1, 0; 1, 0; 1, 0; 1, 0; 1, 0; 1, 0; 2, 0; 2, 0; 1, 0; 
1, 0; 1, 0; 1, 0; 1, 0; 1, 0; 1, 0; 1, 0; 1, 0; 2, 0; 2, 0; 1, 0; 
1, 0; 2, 105; 2, 111; 2, 105; 2, 107; 2, 107; 2, 134; 1, 0; 2, 0; 1, 0; 1, 0; 
1, 0; 1, 0; 1, 0; 1, 0; 1, 0; 1, 0; 1, 0; 1, 0; 2, 2; 2, 0; 1, 0; 
1, 0; 1, 0; 1, 0; 1, 0; 1, 0; 1, 0; 1, 0; 1, 0; 2, 186; 2, 14; 1, 0; 1, 0; 
1, 0; 1, 0; 1, 0; 1, 0; 1, 0; 1, 0; 1, 0; 1, 0; 2, 0; 2, 0; 1, 0; 
1, 0; 1, 0; 1, 0; 1, 0; 1, 0; 1, 0; 1, 0; 1, 0; 2, 0; 2, 0; 1, 0; 
1, 0; 1, 0; 1, 0; 1, 0; 1, 0; 1, 0; 1, 0; 1, 0; 1, 0; 2, 0; 1, 0; 1, 0; 
1, 0; 2, 107; 2, 109; 2, 111; 2, 109; 2, 109; 2, 105; 1, 0; 2, 0; 1, 0; 1, 0; 
1, 0; 2, 140; 2, 109; 2, 109; 2, 107; 2, 105; 2, 146; 1, 0; 2, 0; 1, 0; 1, 0; 
1, 0; 1, 0; 1, 0; 1, 0; 1, 0; 1, 0; 1, 0; 1, 0; 2, 2; 2, 0; 1, 0; 
1, 0; 1, 0; 1, 0; 1, 0; 1, 0; 1, 0; 1, 0; 1, 0; 2, 0; 2, 0; 1, 0; 
1, 0; 1, 0; 1, 0; 1, 0; 1, 0; 1, 0; 1, 0; 1, 0; 2, 0; 2, 0; 1, 0; 
1, 0; 2, 119; 2, 109; 2, 113; 2, 105; 2, 107; 2, 103; 1, 0; 2, 0; 1, 0; 1, 0; 
1, 0; 1, 0; 1, 0; 1, 0; 1, 0; 1, 0; 1, 0; 1, 0; 2, 2; 2, 0; 1, 0; 
1, 0; 1, 0; 1, 0; 1, 0; 1, 0; 1, 0; 1, 0; 1, 0; 2, 0; 2, 0; 1, 0; 
1, 0; 1, 0; 1, 0; 1, 0; 1, 0; 1, 0; 1, 0; 1, 0; 2, 2; 2, 0; 1, 0; 
1, 0; 2, 117; 2, 105; 2, 107; 2, 140; 2, 109; 2, 105; 2, 142; 2, 0; 1, 0; 1, 0; 
1, 0; 1, 0; 1, 0; 1, 0; 1, 0; 1, 0; 1, 0; 1, 0; 2, 2; 2, 0; 1, 0; 
1, 0; 1, 0; 1, 0; 1, 0; 1, 0; 1, 0; 1, 0; 1, 0; 2, 0; 2, 2; 1, 0; 
1, 0; 1, 0; 1, 0; 1, 0; 1, 0; 1, 0; 1, 0; 1, 0; 1, 0; 2, 0; 1, 0; 1, 0; 
1, 0; 1, 0; 1, 0; 1, 0; 1, 0; 1, 0; 1, 0; 1, 0; 2, 0; 2, 53; 1, 0; 
1, 0; 1, 0; 1, 0; 1, 0; 1, 0; 1, 0; 1, 0; 1, 0; 2, 0; 2, 0; 1, 0; 
1, 0; 1, 0; 1, 0; 1, 0; 1, 0; 1, 0; 1, 0; 1, 0; 2, 2; 2, 0; 1, 0; 
1, 0; 1, 0; 1, 0; 1, 0; 1, 0; 1, 0; 1, 0; 1, 0; 2, 0; 2, 0; 1, 0; 
1, 0; 1, 0; 1, 0; 1, 0; 1, 0; 1, 0; 1, 0; 1, 0; 2, 0; 2, 0; 1, 0; 
1, 0; 1, 0; 1, 0; 1, 0; 1, 0; 1, 0; 1, 0; 1, 0; 2, 0; 2, 0; 1, 0; 
1, 0; 1, 0; 1, 0; 1, 0; 1, 0; 1, 0; 1, 0; 1, 0; 2, 0; 2, 20; 1, 0; 
1, 0; 2, 136; 2, 105; 2, 109; 2, 136; 2, 103; 2, 129; 1, 0; 2, 0; 1, 0; 1, 0; 
1, 0; 1, 0; 1, 0; 1, 0; 1, 0; 1, 0; 1, 0; 1, 0; 2, 2; 2, 0; 1, 0; 
1, 0; 1, 0; 1, 0; 1, 0; 1, 0; 1, 0; 1, 0; 1, 0; 2, 0; 2, 0; 1, 0; 
1, 0; 1, 0; 1, 0; 1, 0; 1, 0; 1, 0; 1, 0; 1, 0; 2, 0; 2, 0; 1, 0; 
1, 0; 1, 0; 1, 0; 1, 0; 1, 0; 1, 0; 1, 0; 1, 0; 2, 0; 2, 0; 1, 0; 
1, 0; 1, 0; 1, 0; 1, 0; 1, 0; 1, 0; 1, 0; 1, 0; 2, 0; 2, 0; 1, 0; 
1, 0; 2, 107; 2, 103; 2, 109; 2, 101; 2, 101; 2, 142; 1, 0; 2, 0; 1, 0; 1, 0; 
1, 0; 1, 0; 1, 0; 1, 0; 1, 0; 1, 0; 1, 0; 1, 0; 2, 2; 2, 0; 1, 0; 
1, 0; 1, 0; 1, 0; 1, 0; 1, 0; 1, 0; 1, 0; 1, 0; 2, 0; 2, 0; 1, 0; 
1, 0; 1, 0; 1, 0; 1, 0; 1, 0; 1, 0; 1, 0; 1, 0; 2, 0; 2, 0; 1, 0; 
1, 0; 1, 0; 1, 0; 1, 0; 1, 0; 1, 0; 1, 0; 1, 0; 2, 0; 2, 65; 1, 0; 
1, 0; 1, 0; 1, 0; 1, 0; 1, 0; 1, 0; 1, 0; 1, 0; 2, 0; 2, 0; 1, 0; 
1, 0; 1, 0; 1, 0; 1, 0; 1, 0; 1, 0; 1, 0; 1, 0; 2, 2; 2, 0; 1, 0; 
1, 0; 1, 0; 1, 0; 1, 0; 1, 0; 1, 0; 1, 0; 1, 0; 1, 0; 2, 0; 1, 0; 1, 0; 
1, 0; 1, 0; 1, 0; 1, 0; 1, 0; 1, 0; 1, 0; 1, 0; 2, 0; 2, 55; 1, 0; 
1, 0; 2, 160; 2, 111; 2, 105; 2, 134; 2, 105; 2, 105; 2, 117; 2, 0; 2, 6; 1, 0; 
1, 0; 1, 0; 1, 0; 1, 0; 1, 0; 1, 0; 1, 0; 1, 0; 2, 2; 2, 0; 1, 0; 
1, 0; 1, 0; 1, 0; 1, 0; 1, 0; 1, 0; 1, 0; 1, 0; 2, 0; 2, 0; 1, 0; 
1, 0; 1, 0; 1, 0; 1, 0; 1, 0; 1, 0; 1, 0; 1, 0; 2, 0; 2, 0; 1, 0; 
1, 0; 2, 109; 2, 105; 2, 107; 2, 138; 2, 105; 2, 107; 2, 136; 2, 2; 1, 0; 1, 0; 
1, 0; 1, 0; 1, 0; 1, 0; 1, 0; 1, 0; 1, 0; 1, 0; 2, 0; 2, 0; 1, 0; 
1, 0; 1, 0; 1, 0; 1, 0; 1, 0; 1, 0; 1, 0; 1, 0; 2, 0; 2, 0; 1, 0; 
1, 0; 1, 0; 1, 0; 1, 0; 1, 0; 1, 0; 1, 0; 1, 0; 2, 0; 2, 0; 1, 0; 
1, 0; 2, 109; 2, 103; 2, 107; 2, 142; 2, 109; 2, 105; 2, 140; 2, 0; 1, 0; 1, 0; 
1, 0; 2, 122; 2, 107; 2, 105; 2, 107; 2, 105; 2, 148; 1, 0; 2, 0; 1, 0; 1, 0; 
1, 0; 1, 0; 1, 0; 1, 0; 1, 0; 1, 0; 1, 0; 1, 0; 2, 2; 2, 0; 1, 0; 
1, 0; 1, 0; 1, 0; 1, 0; 1, 0; 1, 0; 1, 0; 1, 0; 2, 0; 2, 0; 1, 0; 
1, 0; 1, 0; 1, 0; 1, 0; 1, 0; 1, 0; 1, 0; 1, 0; 2, 0; 2, 0; 1, 0; 
1, 0; 1, 0; 1, 0; 1, 0; 1, 0; 1, 0; 1, 0; 1, 0; 2, 0; 2, 0; 1, 0; 
1, 0; 1, 0; 1, 0; 1, 0; 1, 0; 1, 0; 1, 0; 1, 0; 2, 0; 2, 0; 1, 0; 
1, 0; 1, 0; 1, 0; 1, 0; 1, 0; 1, 0; 1, 0; 1, 0; 2, 0; 2, 22; 1, 0; 
1, 0; 2, 111; 2, 105; 2, 111; 2, 105; 2, 107; 2, 109; 1, 0; 2, 0; 1, 0; 1, 0; 
1, 0; 1, 0; 1, 0; 1, 0; 1, 0; 1, 0; 1, 0; 1, 0; 2, 2; 2, 0; 1, 0; 
1, 0; 1, 0; 1, 0; 1, 0; 1, 0; 1, 0; 1, 0; 1, 0; 2, 0; 2, 0; 1, 0; 
1, 0; 1, 0; 1, 0; 1, 0; 1, 0; 1, 0; 1, 0; 1, 0; 2, 0; 2, 0; 1, 0; 
