0	12136	12085
1	12126	12154
2	12175	12130
3	12178	12081
4	12130	12132
5	12156	12081
6	12155	12146
7	12160	12164
8	12096	12079
9	12176	12108
10	12144	12136
11	12160	12079
12	12165	12137
13	12164	12136
14	12102	12120
15	12095	12108
16	12132	12117
17	12164	12092
18	12089	12147
19	12111	12156
20	12115	12118
21	12142	12152
22	12159	12090
23	12146	12096
24	12126	12083
25	12091	12090
26	12173	12150
27	12104	12114
28	12130	12117
29	12166	12095
30	12085	12155
31	12159	12132
32	12137	12089
33	12102	12146
34	12113	12098
35	12159	12121
36	12093	12096
37	12147	12170
38	12091	12103
39	12091	12120
40	12157	12153
41	12104	12163
42	12091	12096
43	12172	12084
44	12094	12096
45	12138	12129
46	12109	12178
47	12109	12159
48	12091	12172
49	12143	12130
50	12129	12099
51	12090	12160
52	12116	12081
53	12177	12131
54	12102	12154
55	12086	12111
56	12129	12159
57	12132	12079
58	12160	12091
59	12143	12133
60	12105	12096
61	12118	12087
62	12107	12158
63	12091	12170
64	12085	12171
65	12155	12091
66	12139	12138
67	12113	12141
68	12107	12089
69	12146	12130
70	12080	12115
71	12141	12133
72	12130	12086
73	12170	12149
74	12105	12097
75	12099	12104
76	12110	12135
77	12122	12124
78	12143	12132
79	12121	12167
80	12177	12171
81	12125	12085
82	12094	12146
83	12175	12155
84	12173	12090
85	12177	12113
86	12135	12127
87	12118	12134
88	12137	12150
89	12125	12129
90	12149	12079
91	12130	12108
92	12131	12135
93	12168	12086
94	12078	12128
95	12090	12105
96	12162	12103
97	12130	12102
98	12129	12120
99	12153	12078
100	11277	11208
101	11258	11217
102	11242	11253
103	11204	11247
104	11219	11202
105	11204	11273
106	11178	11221
107	11262	11218
108	11196	11250
109	11203	11185
110	11193	11211
111	11271	11214
112	11263	11273
113	11218	11192
114	11189	11211
115	11242	11246
116	11203	11205
117	11222	11178
118	11272	11227
119	11210	11220
120	11195	11234
121	11276	11195
122	11271	11228
123	11191	11186
124	11265	11186
125	11187	11179
126	11267	11193
127	11250	11241
128	11267	11201
129	11178	11194
130	11194	11261
131	11266	11216
132	11269	11212
133	11271	11226
134	11238	11218
135	11238	11179
136	11256	11260
137	11249	11181
138	11251	11206
139	11264	11195
140	11271	11257
141	11264	11227
142	11221	11230
143	11223	11181
144	11269	11232
145	11180	11275
146	11230	11241
147	11227	11236
148	11212	11198
149	11199	11203
150	11192	11206
151	11201	11191
152	11211	11276
153	11239	11269
154	11187	11180
155	11181	11248
156	11189	11259
157	11223	11208
158	11273	11245
159	11260	11199
160	11191	11244
161	11216	11253
162	11220	11246
163	11238	11181
164	11258	11249
165	11236	11197
166	11256	11227
167	11276	11238
168	11224	11239
169	11195	11251
170	11224	11244
171	11233	11218
172	11220	11258
173	11266	11190
174	11183	11228
175	11188	11217
176	11188	11180
177	11264	11248
178	11198	11211
179	11181	11275
180	11200	11273
181	11267	11213
182	11256	11212
183	11265	11178
184	11184	11246
185	11272	11262
186	11226	11181
187	11236	11193
188	11241	11249
189	11199	11235
190	11261	11189
191	11187	11218
192	11252	11258
193	11186	11255
194	11226	11218
195	11221	11243
196	11228	11217
197	11204	11243
198	11216	11272
199	11222	11241
200	18949	18878
201	18946	18901
202	18912	18883
203	18904	18920
204	18911	18881
205	18949	18899
206	18905	18938
207	18923	18947
208	18896	18911
209	18932	18925
210	18915	18889
211	18922	18884
212	18883	18895
213	18877	18861
214	18939	18939
215	18937	18931
216	18879	18913
217	18910	18862
218	18929	18907
219	18885	18903
220	18878	18900
221	18918	18952
222	18902	18943
223	18861	18913
224	18914	18916
225	18950	18868
226	18896	18916
227	18943	18869
228	18881	18940
229	18931	18935
230	18942	18881
231	18904	18944
232	18875	18922
233	18856	18945
234	18933	18878
235	18864	18919
236	18901	18940
237	18931	18862
238	18944	18867
239	18902	18913
240	18877	18913
241	18892	18934
242	18944	18873
243	18950	18864
244	18911	18893
245	18872	18911
246	18948	18946
247	18954	18952
248	18949	18867
249	18955	18946
250	18925	18926
251	18914	18871
252	18921	18885
253	18955	18858
254	18925	18910
255	18912	18936
256	18931	18945
257	18886	18915
258	18874	18915
259	18950	18943
260	18879	18913
261	18892	18944
262	18952	18921
263	18947	18893
264	18906	18864
265	18917	18912
266	18871	18878
267	18940	18933
268	18894	18892
269	18946	18889
270	18945	18898
271	18917	18876
272	18889	18952
273	18920	18920
274	18936	18936
275	18926	18879
276	18909	18876
277	18858	18872
278	18884	18874
279	18898	18894
280	18884	18928
281	18936	18953
282	18956	18932
283	18873	18926
284	18909	18890
285	18876	18938
286	18911	18922
287	18914	18878
288	18871	18887
289	18937	18900
290	18896	18911
291	18880	18909
292	18915	18877
293	18877	18942
294	18951	18934
295	18942	18927
296	18937	18905
297	18884	18942
298	18912	18874
299	18934	18866
300	2292	2252
301	2242	2275
302	2280	2278
303	2310	2262
304	2269	2290
305	2234	2241
306	2251	2243
307	2307	2256
308	2303	2272
309	2266	2306
310	2267	2275
311	2285	2270
312	2252	2284
313	2270	2305
314	2252	2251
315	2291	2263
316	2237	2293
317	2267	2266
318	2308	2297
319	2277	2264
320	2236	2311
321	2312	2308
322	2274	2230
323	2263	2251
324	2278	2238
325	2248	2239
326	2310	2279
327	2233	2262
328	2225	2228
329	2295	2229
330	2275	2250
331	2260	2243
332	2288	2289
333	2236	2314
334	2242	2318
335	2262	2246
336	2283	2223
337	2312	2295
338	2306	2293
339	2318	2304
340	2244	2253
341	2259	2223
342	2304	2225
343	2262	2271
344	2304	2243
345	2318	2268
346	2281	2233
347	2310	2318
348	2289	2287
349	2230	2318
350	2255	2268
351	2270	2304
352	2242	2255
353	2288	2303
354	2305	2312
355	2262	2248
356	2282	2274
357	2236	2261
358	2296	2238
359	2241	2269
360	2260	2258
361	2306	2295
362	2292	2285
363	2302	2265
364	2230	2300
365	2283	2300
366	2251	2240
367	2262	2287
368	2225	2244
369	2233	2270
370	2311	2314
371	2262	2316
372	2270	2253
373	2321	2316
374	2223	2297
375	2317	2245
376	2235	2290
377	2251	2227
378	2294	2247
379	2272	2257
380	2242	2304
381	2311	2279
382	2272	2294
383	2288	2269
384	2230	2227
385	2258	2272
386	2302	2307
387	2227	2275
388	2232	2247
389	2273	2272
390	2272	2289
391	2237	2235
392	2286	2255
393	2306	2239
394	2281	2282
395	2250	2282
396	2255	2285
397	2319	2298
398	2311	2268
399	2273	2305
