0, 766, 1048, 1039, 1042, 1073, 1034, 1019, 1014, 1021, 1136, 1024, 75, 0, 2, 67, 
0, 998, 1030, 1010, 1035, 1146, 1170, 1029, 1037, 1030, 1144, 1164, 1006, 85, 0, 6, 
0, 1018, 1033, 1022, 1016, 1096, 1182, 1002, 1026, 1020, 1165, 1168, 1025, 166, 2, 26, 
0, 1012, 1037, 1022, 1036, 1095, 1160, 1028, 1025, 1033, 1171, 1083, 898, 0, 0, 6, 
0, 1026, 1037, 1018, 1037, 1154, 1154, 1038, 1045, 1050, 1174, 1031, 722, 0, 2, 0, 0, 0, 
0, 911, 1012, 1032, 1029, 1033, 1159, 1093, 1025, 1022, 1118, 1164, 1092, 675, 93, 14, 
0, 1011, 1025, 1033, 1040, 1137, 1164, 1030, 1045, 1033, 1132, 1158, 1003, 30, 0, 6, 
0, 1019, 1036, 1025, 1025, 1159, 1169, 1035, 1020, 1031, 1186, 1103, 992, 0, 0, 0, 
0, 1032, 1039, 1025, 1031, 1151, 1156, 1055, 1040, 1045, 1160, 1069, 960, 0, 0, 2, 4, 0, 
0, 1045, 1034, 1031, 1049, 1173, 1181, 1041, 1026, 1049, 1165, 1081, 965, 0, 0, 0, 
0, 1043, 1042, 1047, 1034, 1140, 1184, 1034, 1042, 1037, 1167, 1046, 676, 0, 2, 0, 0, 0, 
0, 1037, 1033, 1044, 1039, 1152, 1144, 1031, 1032, 1027, 1151, 1047, 915, 0, 0, 6, 
0, 1042, 1031, 1036, 1032, 1146, 1152, 1041, 1029, 1031, 1138, 1124, 1029, 0, 0, 0, 
0, 1008, 1030, 1057, 1045, 1167, 1169, 1020, 1038, 1043, 1143, 1108, 1016, 0, 0, 0, 0, 0, 
0, 1038, 1026, 1047, 1044, 1124, 1164, 1052, 1029, 1029, 1166, 1088, 982, 0, 0, 6, 
0, 1039, 1036, 1041, 1040, 1181, 1175, 1050, 1043, 1037, 1153, 1122, 1008, 0, 2, 0, 
0, 1041, 1057, 1047, 1059, 1179, 1163, 1059, 1065, 1028, 1141, 1122, 1032, 0, 0, 4, 
0, 1039, 1030, 1054, 1039, 1151, 1160, 1045, 1047, 1054, 1165, 1063, 884, 0, 0, 4, 
0, 1025, 1030, 1028, 1043, 1171, 1177, 1043, 1047, 1038, 1156, 1141, 1012, 0, 0, 10, 0, 0, 
0, 1045, 1049, 1047, 1053, 1154, 1164, 1053, 1034, 1029, 1158, 1143, 980, 2, 0, 10, 0, 0, 
0, 1040, 1037, 1041, 1035, 1184, 1172, 1034, 1032, 1041, 1152, 1059, 801, 0, 0, 0, 0, 0, 
0, 1034, 1035, 1048, 1048, 1157, 1150, 1038, 1028, 1034, 1156, 1065, 993, 0, 0, 4, 
0, 1039, 1053, 1051, 1047, 1144, 1149, 1025, 1038, 1037, 1163, 1142, 1034, 0, 0, 2, 
0, 1003, 1039, 1047, 1049, 1172, 1180, 1031, 1052, 1033, 1170, 1110, 992, 0, 0, 2, 
0, 1020, 1035, 1042, 1052, 1147, 1165, 1053, 1047, 1051, 1158, 1052, 942, 0, 0, 4, 
0, 1029, 1039, 1052, 1043, 1148, 1153, 1039, 1050, 1040, 1151, 1046, 967, 0, 0, 4, 
0, 1020, 1024, 1041, 1052, 1164, 1156, 1045, 1049, 1043, 1157, 1069, 882, 0, 0, 0, 
0, 1023, 1015, 1038, 1040, 1173, 1154, 1035, 1024, 1039, 1148, 1120, 994, 0, 0, 12, 
0, 1051, 1055, 1044, 1044, 1164, 1145, 1056, 1068, 1054, 1165, 1070, 892, 0, 0, 0, 
0, 1043, 1051, 1036, 1035, 1143, 1168, 1040, 1051, 1060, 1170, 1146, 1020, 0, 0, 0, 0, 0, 
0, 1043, 1059, 1062, 1057, 1163, 1183, 1056, 1048, 1058, 1155, 1057, 724, 0, 2, 2, 
0, 1024, 1040, 1046, 1049, 1165, 1154, 1058, 1065, 1049, 1156, 1145, 1027, 0, 0, 0, 
0, 1036, 1047, 1057, 1045, 1170, 1176, 1047, 1054, 1066, 1164, 1069, 898, 0, 0, 2, 
0, 1036, 1039, 1043, 1042, 1157, 1164, 1025, 1044, 1046, 1138, 1127, 1022, 0, 0, 2, 
0, 1035, 1050, 1042, 1044, 1150, 1164, 1053, 1044, 1049, 1146, 1057, 930, 0, 0, 12, 
0, 1051, 1028, 1050, 1043, 1177, 1164, 1041, 1036, 1033, 1154, 1054, 809, 0, 0, 12, 
0, 1050, 1036, 1056, 1042, 1179, 1179, 1041, 1045, 1038, 1154, 1054, 888, 0, 0, 0, 0, 0, 
0, 1029, 1024, 1050, 1052, 1159, 1168, 1037, 1049, 1059, 1174, 1157, 990, 2, 0, 2, 
0, 1032, 1043, 1045, 1035, 1164, 1162, 1048, 1049, 1050, 1178, 1046, 925, 2, 0, 4, 
0, 1042, 1052, 1051, 1038, 1160, 1162, 1045, 1052, 1055, 1188, 1122, 1016, 0, 0, 2, 
0, 977, 1047, 1047, 1040, 1089, 1177, 1050, 1055, 1046, 1146, 1160, 1040, 0, 0, 2, 
0, 1043, 1053, 1030, 1048, 1150, 1147, 1026, 1053, 1055, 1139, 1075, 949, 0, 0, 0, 
0, 1039, 1031, 1025, 1032, 1113, 1161, 1043, 1018, 1037, 1180, 1150, 1043, 2, 0, 10, 0, 2, 
0, 1033, 1036, 1032, 1038, 1168, 1177, 1036, 1035, 1045, 1164, 1091, 1002, 0, 0, 0, 0, 0, 
0, 1027, 1047, 1055, 1049, 1135, 1168, 1030, 1052, 1053, 1143, 1089, 873, 0, 0, 6, 
0, 1020, 1041, 1028, 1027, 1151, 1150, 1031, 1034, 1021, 1171, 1144, 1035, 2, 0, 0, 0, 0, 
0, 1041, 1035, 1031, 1042, 1115, 1166, 1018, 1044, 1034, 1175, 1140, 1018, 0, 0, 2, 
0, 1022, 1027, 1047, 1049, 1146, 1160, 1055, 1049, 1044, 1170, 1063, 911, 2, 0, 24, 
0, 1038, 1042, 1022, 1053, 1135, 1156, 1053, 1032, 1037, 1155, 1073, 986, 0, 0, 6, 
0, 1038, 1045, 1041, 1057, 1174, 1179, 1055, 1054, 1041, 1155, 1059, 938, 2, 0, 14, 
