11.8, 11.8, 11.8, 11.8, 11.8, 11.8, 11.8, 11.8, 11.8, 11.8, 11.8, 11.8, 11.8, 11.8, 11.8, 11.8, 
11.8, 11.8, 11.8, 11.8, 11.8, 11.8, 11.8, 11.8, 11.8, 11.8, 11.8, 11.8, 11.8, 11.8, 11.8, 11.8, 
11.8, 11.8, 11.8, 11.8, 11.8, 11.8, 11.8, 11.8, 11.8, 11.8, 11.8, 11.8, 11.8, 11.8, 11.8, 11.8, 
11.8, 11.8, 11.8, 11.8, 11.8, 11.8, 11.8, 11.8, 11.8, 11.8, 11.8, 11.8, 11.8, 11.8, 11.8, 11.8, 
11.8, 11.8, 11.8, 11.8, 11.8, 11.8, 11.8, 11.8, 11.8, 11.8, 11.8, 11.8, 11.8, 11.8, 
11.8, 11.8, 11.8, 11.8, 11.8, 11.8, 11.8, 11.8, 11.8, 11.8, 11.8, 11.8, 11.8, 11.8, 11.8, 11.8, 
11.8, 11.8, 11.8, 11.8, 11.8, 11.8, 11.8, 11.8, 11.8, 11.8, 11.8, 11.8, 11.8, 11.8, 11.8, 11.8, 
11.8, 11.8, 11.8, 11.8, 11.8, 11.8, 11.8, 11.8, 11.8, 11.8, 11.8, 11.8, 11.8, 11.8, 
11.8, 11.8, 11.8, 11.8, 11.8, 11.8, 11.8, 11.8, 11.8, 11.8, 11.8, 11.8, 11.8, 11.8, 11.8, 11.8, 
11.8, 11.8, 11.8, 11.8, 11.8, 11.8, 11.8, 11.8, 11.8, 11.8, 11.8, 11.8, 11.8, 11.8, 11.8, 11.8, 
11.8, 11.8, 11.8, 11.8, 11.8, 11.8, 11.8, 11.8, 11.8, 11.8, 11.8, 11.8, 11.8, 11.8, 11.8, 11.8, 
11.8, 11.8, 11.8, 11.8, 11.8, 11.8, 11.8, 11.8, 11.8, 11.8, 11.8, 11.8, 11.8, 11.8, 11.8, 11.8, 
11.8, 11.8, 11.8, 11.8, 11.8, 11.8, 11.8, 11.8, 11.8, 11.8, 11.8, 11.8, 11.8, 11.8, 11.8, 11.8, 
11.8, 11.8, 11.8, 11.8, 11.8, 11.8, 11.8, 11.8, 11.8, 11.8, 11.8, 11.8, 11.8, 11.8, 11.8, 11.8, 
11.8, 11.8, 11.8, 11.8, 11.8, 11.8, 11.8, 11.8, 11.8, 11.8, 11.8, 11.8, 11.8, 11.8, 11.8, 11.8, 
11.8, 11.8, 11.8, 11.8, 11.8, 11.8, 11.8, 11.8, 11.8, 11.8, 11.8, 11.8, 11.8, 11.8, 11.8, 11.8, 
11.8, 11.8, 11.8, 11.8, 11.8, 11.8, 11.8, 11.8, 11.8, 11.8, 11.8, 11.8, 11.8, 11.8, 11.8, 11.8, 
11.8, 11.8, 11.8, 11.8, 11.8, 11.8, 11.8, 11.8, 11.8, 11.8, 11.8, 11.8, 11.8, 11.8, 11.8, 11.8, 
11.8, 11.8, 11.8, 11.8, 11.8, 11.8, 11.8, 11.8, 11.8, 11.8, 11.8, 11.8, 11.8, 11.8, 11.8, 11.8, 
11.8, 11.8, 11.8, 11.8, 11.8, 11.8, 11.8, 11.8, 11.8, 11.8, 11.8, 11.8, 11.8, 11.8, 11.8, 11.8, 
11.8, 11.8, 11.8, 11.8, 11.8, 11.8, 11.8, 11.8, 11.8, 11.8, 11.8, 11.8, 11.8, 11.8, 11.8, 11.8, 
11.8, 11.8, 11.8, 11.8, 11.8, 11.8, 11.8, 11.8, 11.8, 11.8, 11.8, 11.8, 11.8, 11.8, 11.8, 11.8, 
11.8, 11.8, 11.8, 11.8, 11.8, 11.8, 11.8, 11.8, 11.8, 11.8, 11.8, 11.8, 11.8, 11.8, 11.8, 11.8, 
11.8, 11.8, 11.8, 11.8, 11.8, 11.8, 11.8, 11.8, 11.8, 11.8, 11.8, 11.8, 11.8, 11.8, 11.8, 11.8, 
11.8, 11.8, 11.8, 11.8, 11.8, 11.8, 11.8, 11.8, 11.8, 11.8, 11.8, 11.8, 11.8, 11.8, 11.8, 11.8, 
11.8, 11.8, 11.8, 11.8, 11.8, 11.8, 11.8, 11.8, 11.8, 11.8, 11.8, 11.8, 11.8, 11.8, 11.8, 11.8, 
11.8, 11.8, 11.8, 11.8, 11.8, 11.8, 11.8, 11.8, 11.8, 11.8, 11.8, 11.8, 11.8, 11.8, 11.8, 11.8, 
11.8, 11.8, 11.8, 11.8, 11.8, 11.8, 11.8, 11.8, 11.8, 11.8, 11.8, 11.8, 11.8, 11.8, 11.8, 11.8, 
11.8, 11.8, 11.8, 11.8, 11.8, 11.8, 11.8, 11.8, 11.8, 11.8, 11.8, 11.8, 11.8, 11.8, 11.8, 11.8, 
11.8, 11.8, 11.8, 11.8, 11.8, 11.8, 11.8, 11.8, 11.8, 11.8, 11.8, 11.8, 11.8, 11.8, 11.8, 11.8, 
11.8, 11.8, 11.8, 11.8, 11.8, 11.8, 11.8, 11.8, 11.8, 11.8, 11.8, 11.8, 11.8, 11.8, 11.8, 11.8, 
11.8, 11.8, 11.8, 11.8, 11.8, 11.8, 11.8, 11.8, 11.8, 11.8, 11.8, 11.8, 11.8, 11.8, 11.8, 11.8, 
11.8, 11.8, 11.8, 11.8, 11.8, 11.8, 11.8, 11.8, 11.8, 11.8, 11.8, 11.8, 11.8, 11.8, 11.8, 11.8, 
11.8, 11.8, 11.8, 11.8, 11.8, 11.8, 11.8, 11.8, 11.8, 11.8, 11.8, 11.8, 11.8, 11.8, 11.8, 11.8, 
11.8, 11.8, 11.8, 11.8, 11.8, 11.8, 11.8, 11.8, 11.8, 11.8, 11.8, 11.8, 11.8, 11.8, 11.8, 11.8, 
11.8, 11.8, 11.8, 11.8, 11.8, 11.8, 11.8, 11.8, 11.8, 11.8, 11.8, 11.8, 11.8, 11.8, 11.8, 11.8, 
11.8, 11.8, 11.8, 11.8, 11.8, 11.8, 11.8, 11.8, 11.8, 11.8, 11.8, 11.8, 11.8, 11.8, 11.8, 11.8, 
11.8, 11.8, 11.8, 11.8, 11.8, 11.8, 11.8, 11.8, 11.8, 11.8, 11.8, 11.8, 11.8, 11.8, 11.8, 11.8, 
11.8, 11.8, 11.8, 11.8, 11.8, 11.8, 11.8, 11.8, 11.8, 11.8, 11.8, 11.8, 11.8, 11.8, 11.8, 11.8, 
11.8, 11.8, 11.8, 11.8, 11.8, 11.8, 11.8, 11.8, 11.8, 11.8, 11.8, 11.8, 11.8, 11.8, 11.8, 11.8, 
11.9, 11.9, 11.9, 11.9, 11.9, 11.9, 11.9, 11.9, 11.9, 11.9, 11.9, 11.9, 11.9, 11.9, 11.9, 11.9, 
11.9, 11.9, 11.9, 11.9, 11.9, 11.9, 11.9, 11.9, 11.9, 11.9, 11.9, 11.9, 11.9, 11.9, 11.9, 11.9, 
11.9, 11.9, 11.9, 11.9, 11.9, 11.9, 11.9, 11.9, 11.9, 11.9, 11.9, 11.9, 11.9, 11.9, 11.9, 11.9, 
11.9, 11.9, 11.9, 11.9, 11.9, 11.9, 11.9, 11.9, 11.9, 11.9, 11.9, 11.9, 11.9, 11.9, 11.9, 11.9, 
11.9, 11.9, 11.9, 11.9, 11.9, 11.9, 11.9, 11.9, 11.9, 11.9, 11.9, 11.9, 11.9, 11.9, 11.9, 11.9, 
11.9, 11.9, 11.9, 11.9, 11.9, 11.9, 11.9, 11.9, 11.9, 11.9, 11.9, 11.9, 11.9, 11.9, 11.9, 11.9, 
11.9, 11.9, 11.9, 11.9, 11.9, 11.9, 11.9, 11.9, 11.9, 11.9, 11.9, 11.9, 11.9, 11.9, 11.9, 11.9, 
11.9, 11.9, 11.9, 11.9, 11.9, 11.9, 11.9, 11.9, 11.9, 11.9, 11.9, 11.9, 11.9, 11.9, 11.9, 11.9, 
11.9, 11.9, 11.9, 11.9, 11.9, 11.9, 11.9, 11.9, 11.9, 11.9, 11.9, 11.9, 11.9, 11.9, 11.9, 11.9, 
11.9, 11.9, 11.9, 11.9, 11.9, 11.9, 11.9, 11.9, 11.9, 11.9, 11.9, 11.9, 11.9, 11.9, 11.9, 11.9, 
