0, 1023, 1021, 1023, 1032, 1160, 1163, 1045, 1049, 1039, 1129, 1076, 899, 140, 121, 0, 
0, 1031, 1043, 1043, 982, 1059, 1133, 1040, 1036, 1037, 1085, 1045, 914, 131, 123, 0, 
0, 1021, 1002, 1046, 1028, 1152, 1085, 1035, 1043, 1090, 1069, 1041, 691, 288, 121, 0, 
0, 1029, 1018, 994, 998, 1145, 1148, 1000, 1031, 1037, 1179, 1023, 948, 134, 129, 0, 
0, 1013, 1018, 1039, 1004, 1169, 1175, 1033, 1021, 1023, 1102, 1169, 1023, 679, 129, 130, 0, 0, 
0, 1039, 1025, 1035, 1000, 1140, 1141, 1033, 938, 1045, 1142, 1057, 861, 134, 132, 0, 
0, 1029, 1043, 1032, 1049, 1149, 1148, 1033, 1050, 1053, 1161, 1136, 976, 134, 129, 0, 
0, 1040, 1047, 1045, 1045, 1163, 1140, 1057, 1055, 1006, 1080, 1058, 859, 132, 103, 0, 
2, 1022, 974, 1027, 1017, 1128, 1120, 1018, 980, 1031, 1166, 1065, 1022, 267, 170, 111, 0, 2, 
0, 1039, 1051, 1055, 1017, 1142, 1099, 1017, 957, 993, 1165, 1037, 682, 158, 113, 0, 
0, 1043, 1027, 1015, 1031, 1137, 1153, 993, 1056, 1039, 1090, 1094, 990, 132, 135, 2, 0, 0, 
0, 1017, 1031, 1041, 1010, 1154, 1152, 1039, 1056, 1035, 1176, 1042, 860, 133, 132, 0, 
0, 1019, 798, 1062, 1045, 1155, 1151, 1043, 1039, 1056, 1158, 1060, 770, 135, 99, 0, 
0, 1016, 1035, 1041, 1037, 1069, 1144, 1038, 1045, 1000, 1123, 1106, 975, 186, 182, 0, 0, 0, 
0, 1037, 1012, 1035, 1025, 1125, 1151, 984, 1043, 1064, 1171, 989, 899, 134, 119, 0, 
0, 1041, 1035, 1027, 1021, 1175, 1146, 1020, 1047, 1047, 1157, 1108, 953, 133, 119, 0, 
0, 1029, 1035, 1019, 1043, 1146, 1128, 1013, 1049, 1075, 1156, 1036, 770, 178, 170, 2, 
0, 1012, 1033, 987, 1052, 1152, 1086, 1043, 1039, 1039, 1154, 1036, 871, 170, 142, 0, 
0, 1040, 1050, 1018, 1032, 1159, 1102, 1046, 1043, 1059, 1155, 1053, 732, 134, 130, 0, 0, 0, 
2, 1036, 1035, 982, 1013, 1136, 1145, 930, 1049, 1047, 1151, 1135, 1003, 133, 130, 0, 0, 0, 
0, 1045, 1049, 1031, 970, 1154, 1164, 1022, 1037, 1049, 1146, 1111, 1001, 188, 184, 0, 0, 0, 
0, 1030, 987, 1035, 1033, 1148, 1134, 1043, 1043, 1039, 1161, 1031, 885, 135, 131, 0, 
0, 1034, 1038, 1048, 1046, 1150, 1122, 1058, 1033, 1055, 1136, 1049, 956, 132, 117, 0, 
0, 1029, 997, 1043, 1060, 1155, 1070, 1010, 960, 1080, 1173, 1020, 632, 131, 113, 0, 
0, 1061, 1044, 1055, 1006, 1173, 1147, 1051, 993, 1053, 1177, 1053, 877, 170, 170, 0, 
0, 1044, 1041, 1035, 1037, 1171, 1098, 1001, 1011, 1061, 1154, 1047, 725, 132, 119, 0, 
0, 1051, 1033, 1032, 1032, 1173, 1140, 1049, 1041, 1043, 1175, 1081, 856, 134, 109, 2, 
0, 1036, 1029, 1039, 1035, 1132, 1141, 1054, 1047, 1049, 1146, 1096, 1009, 133, 132, 2, 
0, 1045, 1030, 1038, 1042, 1157, 1154, 954, 1045, 1046, 1174, 1015, 922, 291, 113, 0, 
0, 1021, 1029, 1045, 1033, 1179, 1160, 1035, 1039, 996, 1173, 1089, 1007, 265, 166, 0, 2, 0, 
0, 1046, 1049, 1057, 1055, 1150, 1108, 1049, 1033, 1019, 1161, 1049, 817, 265, 101, 0, 
0, 1045, 1008, 1028, 1041, 1119, 1113, 1013, 1039, 1041, 1150, 1124, 1043, 310, 190, 0, 
2, 1018, 1017, 1031, 1022, 1148, 1130, 1032, 1000, 1015, 1161, 1041, 988, 265, 130, 0, 
0, 1017, 1041, 1043, 1036, 1153, 1078, 1037, 1035, 1078, 1161, 1046, 818, 263, 170, 0, 
0, 1027, 967, 1057, 1055, 1146, 1109, 1041, 1009, 1052, 1176, 1053, 847, 133, 134, 2, 
0, 1043, 1031, 1043, 1029, 1137, 1132, 1036, 1053, 1000, 1091, 1039, 885, 184, 135, 0, 
0, 1031, 1053, 1039, 991, 1169, 1106, 1045, 1045, 1051, 1047, 1085, 982, 133, 132, 2, 0, 0, 
0, 1042, 1039, 1047, 1019, 1169, 1145, 1033, 953, 1044, 1142, 1055, 903, 298, 130, 0, 
0, 1045, 1049, 1047, 986, 1159, 1128, 1037, 1035, 999, 1150, 1088, 991, 182, 192, 2, 
0, 1036, 1053, 1035, 1023, 1165, 1162, 1043, 960, 1039, 1167, 1075, 863, 276, 131, 0, 
0, 1043, 1031, 1003, 1019, 1157, 1118, 1025, 1037, 1033, 1177, 1047, 638, 128, 123, 0, 
0, 1044, 1045, 1063, 1031, 1083, 1100, 1044, 1041, 1013, 1176, 994, 936, 269, 132, 0, 
0, 1034, 990, 1033, 1040, 1164, 1137, 1029, 1049, 1038, 1140, 1028, 964, 130, 134, 0, 0, 0, 
0, 1027, 956, 1003, 1033, 1142, 1154, 1042, 1049, 1029, 1175, 1015, 1011, 133, 132, 2, 0, 0, 
0, 1043, 996, 1044, 1049, 1157, 1144, 1039, 1004, 1055, 1147, 1061, 970, 130, 134, 0, 
2, 1043, 1049, 993, 1047, 1146, 1158, 996, 1050, 1035, 1144, 1056, 997, 131, 132, 2, 0, 0, 
0, 1021, 1035, 1037, 1043, 1146, 1164, 1053, 1043, 1029, 1168, 1040, 857, 134, 126, 0, 
0, 1037, 1009, 1034, 1051, 1154, 1121, 1036, 1032, 1030, 1145, 1045, 938, 132, 132, 0, 
0, 1021, 1029, 1025, 1036, 1154, 1156, 1049, 1039, 1041, 1150, 1061, 925, 134, 132, 0, 
0, 1023, 1023, 1039, 1055, 1150, 1137, 1029, 1037, 1043, 1078, 1006, 792, 172, 176, 0, 
