0, 1002, 1035, 1031, 1033, 1082, 1019, 1015, 1012, 1043, 1009, 986, 130, 129, 0, 0, 
0, 1045, 995, 1017, 1037, 1137, 1152, 1027, 1033, 1042, 1146, 983, 542, 130, 20, 0, 
2, 1039, 1000, 1056, 1019, 1155, 1126, 1049, 1038, 1073, 1154, 1045, 448, 130, 4, 0, 
2, 1043, 1037, 1039, 1059, 1160, 1085, 1042, 1035, 1053, 1160, 1056, 579, 131, 4, 0, 
0, 553, 561, 557, 585, 658, 559, 534, 719, 553, 363, 162, 0, 0, 
0, 552, 551, 557, 672, 567, 566, 563, 857, 567, 168, 0, 0, 0, 0, 0, 
0, 1021, 1032, 998, 1024, 1170, 1161, 994, 1000, 1033, 1174, 996, 824, 132, 57, 0, 
0, 557, 559, 547, 555, 743, 557, 543, 695, 553, 458, 131, 2, 0, 
0, 1039, 1055, 1015, 1046, 1165, 1130, 1024, 1016, 1047, 1150, 1039, 834, 134, 4, 0, 
0, 1013, 1018, 1015, 1040, 1152, 1088, 1037, 1046, 1015, 1110, 1057, 667, 132, 10, 0, 
2, 1038, 1045, 1047, 1049, 1145, 1168, 1047, 1047, 1059, 1171, 1027, 672, 134, 2, 0, 
0, 1025, 970, 1005, 1020, 1170, 1068, 1031, 1039, 1021, 1148, 1058, 767, 132, 97, 0, 
0, 1044, 1039, 1051, 1023, 1155, 1089, 1049, 994, 1101, 1153, 1053, 308, 134, 0, 0, 
0, 1018, 1019, 1019, 1035, 1165, 1147, 1023, 1035, 1063, 1129, 1046, 575, 133, 79, 0, 
0, 1023, 1029, 1040, 1043, 1149, 1147, 1019, 1035, 1056, 1156, 1040, 721, 135, 10, 0, 
0, 985, 1025, 1037, 1029, 1148, 1144, 1051, 1035, 1013, 1152, 1046, 494, 134, 4, 0, 
0, 1022, 928, 1018, 1025, 1163, 1148, 1039, 1009, 1045, 1127, 950, 634, 132, 4, 0, 
0, 1041, 1029, 1032, 978, 1131, 1126, 1046, 1043, 1054, 1152, 1051, 812, 134, 47, 0, 
0, 1024, 1037, 1040, 1045, 1148, 1067, 1045, 1037, 1061, 1152, 1006, 734, 132, 4, 0, 
0, 997, 1026, 1037, 1053, 1154, 1062, 1041, 1022, 1124, 1151, 1046, 348, 162, 2, 0, 
0, 1025, 1033, 997, 1045, 1153, 1114, 1039, 1011, 1090, 1154, 1025, 548, 133, 10, 0, 
0, 1037, 1037, 1053, 1046, 1070, 1155, 1052, 1038, 1027, 1147, 1112, 1010, 132, 18, 0, 
0, 1043, 1059, 1047, 1032, 1153, 1145, 1049, 1023, 1061, 1158, 1029, 846, 176, 10, 0, 
0, 1035, 1045, 1044, 1030, 1067, 1138, 1047, 1027, 1068, 1106, 1028, 772, 144, 4, 0, 
0, 942, 989, 972, 1027, 1161, 1086, 993, 1015, 1037, 1147, 1039, 847, 130, 107, 0, 
0, 1043, 1049, 1029, 1055, 1158, 1111, 1034, 1059, 1025, 1152, 995, 937, 134, 10, 0, 
0, 1039, 1027, 991, 956, 1145, 1114, 1025, 1016, 1074, 1148, 1060, 662, 132, 4, 0, 
0, 1029, 1051, 1049, 1045, 1157, 1136, 1052, 1037, 974, 1094, 1043, 927, 132, 4, 0, 
0, 962, 1011, 1023, 1039, 1173, 1127, 1040, 1040, 1051, 1160, 1067, 772, 132, 44, 0, 
0, 1037, 1032, 1049, 1039, 1161, 1049, 1049, 1053, 1031, 1043, 1120, 946, 134, 65, 0, 
0, 1047, 1043, 1057, 1055, 1165, 1095, 1037, 1039, 1080, 1153, 1053, 531, 135, 2, 0, 
0, 1039, 1046, 1040, 1041, 1161, 1134, 1017, 1021, 1052, 1139, 1045, 682, 133, 10, 0, 
0, 1004, 1029, 1037, 1034, 1061, 1135, 1046, 1041, 986, 1148, 1029, 670, 134, 34, 0, 
0, 1033, 1029, 1032, 998, 1112, 1093, 1027, 1031, 1086, 1141, 1027, 340, 168, 4, 0, 
0, 1021, 1037, 1038, 1029, 1151, 1120, 1019, 1025, 1041, 1170, 1042, 736, 132, 34, 0, 
0, 1005, 946, 1033, 1021, 1114, 985, 1035, 875, 999, 1055, 1140, 870, 283, 132, 2, 
0, 1033, 1021, 1035, 1031, 1154, 1131, 1035, 1041, 1051, 1140, 1003, 703, 133, 8, 0, 
0, 1022, 1035, 1019, 1046, 1155, 1164, 1053, 1000, 977, 1171, 1039, 530, 134, 4, 0, 
0, 1031, 1028, 1041, 1038, 1142, 1154, 1051, 1051, 1047, 1075, 1035, 820, 162, 2, 0, 
2, 1017, 1044, 1045, 1039, 1119, 1045, 1045, 1053, 1053, 1145, 1002, 875, 166, 2, 0, 
0, 1025, 979, 1033, 1047, 1171, 1152, 1035, 1043, 1043, 1182, 1000, 835, 134, 8, 2, 
0, 1024, 1032, 1055, 1048, 1146, 1125, 1031, 1047, 1053, 1126, 1016, 802, 132, 4, 0, 
0, 1037, 1033, 1039, 1041, 1112, 1090, 1048, 1043, 1084, 1160, 1050, 439, 132, 4, 0, 
0, 1037, 1030, 1038, 1039, 1079, 1132, 1051, 1026, 1039, 1116, 1043, 910, 134, 10, 0, 
0, 992, 1022, 1030, 1023, 1145, 1170, 986, 1045, 1023, 1167, 1048, 946, 133, 38, 0, 
0, 1033, 1043, 1045, 1031, 1165, 1099, 1031, 1042, 1043, 1160, 1075, 934, 134, 71, 0, 
0, 1014, 1039, 1042, 986, 1158, 1140, 1041, 1028, 1040, 1120, 1065, 906, 176, 101, 0, 
0, 1021, 1037, 1031, 1051, 1056, 1047, 1050, 1035, 1094, 1179, 1031, 523, 170, 0, 0, 
0, 986, 1051, 1045, 1048, 1114, 1164, 1049, 1031, 1032, 1158, 996, 741, 131, 22, 0, 
0, 1037, 1043, 1058, 1043, 1142, 1061, 1062, 1048, 1063, 1153, 1043, 810, 166, 4, 0, 
