0, 0, 0, 221, 174, 150, 132, 134, 134, 138, 105, 106, 101, 103, 107, 101, 101, 156, 93, 14, 0, 0, 0, 0, 0, 
0, 0, 0, 0, 99, 101, 107, 113, 136, 115, 101, 103, 101, 91, 101, 138, 180, 0, 32, 0, 8, 0, 0, 0, 
0, 0, 0, 174, 103, 109, 105, 107, 101, 134, 134, 121, 101, 101, 107, 103, 0, 0, 0, 10, 0, 0, 0, 0, 
0, 0, 0, 101, 217, 101, 109, 105, 101, 101, 101, 109, 128, 107, 101, 97, 0, 2, 2, 2, 0, 2, 0, 0, 0, 0, 0, 
0, 0, 0, 0, 101, 105, 109, 101, 103, 121, 132, 101, 99, 99, 103, 103, 158, 0, 16, 0, 2, 0, 0, 0, 0, 
0, 0, 0, 174, 101, 105, 108, 107, 129, 134, 101, 101, 101, 101, 105, 105, 180, 0, 39, 0, 2, 0, 0, 0, 0, 
0, 0, 0, 294, 101, 102, 128, 117, 99, 103, 105, 176, 107, 107, 101, 132, 65, 0, 20, 0, 0, 0, 0, 0, 
0, 0, 0, 288, 99, 99, 130, 125, 101, 105, 105, 207, 105, 128, 134, 105, 65, 0, 20, 0, 0, 0, 0, 0, 
0, 0, 0, 265, 101, 99, 105, 132, 134, 101, 99, 101, 99, 103, 101, 109, 67, 0, 20, 0, 0, 0, 0, 0, 0, 
0, 0, 0, 101, 107, 109, 101, 105, 132, 111, 99, 101, 101, 107, 101, 0, 0, 18, 2, 6, 0, 0, 0, 0, 0, 0, 
0, 0, 0, 302, 101, 101, 99, 120, 134, 101, 103, 101, 101, 103, 99, 115, 63, 0, 22, 0, 0, 0, 0, 0, 0, 
0, 0, 0, 304, 134, 170, 130, 132, 117, 101, 101, 99, 101, 105, 107, 101, 0, 126, 0, 26, 0, 0, 0, 0, 
0, 0, 0, 103, 101, 101, 103, 105, 99, 101, 101, 103, 111, 132, 132, 101, 0, 0, 0, 79, 0, 0, 0, 0, 
0, 0, 0, 107, 109, 101, 101, 105, 101, 101, 109, 107, 237, 115, 101, 142, 113, 107, 0, 87, 0, 0, 0, 0, 
0, 0, 0, 235, 219, 190, 105, 103, 101, 99, 99, 99, 123, 136, 101, 105, 0, 0, 0, 0, 2, 0, 0, 0, 0, 
0, 0, 0, 192, 101, 103, 114, 130, 117, 107, 101, 101, 101, 105, 99, 132, 142, 0, 22, 0, 2, 0, 0, 0, 0, 
0, 0, 0, 284, 113, 184, 130, 103, 101, 103, 105, 156, 107, 124, 138, 106, 0, 2, 0, 0, 0, 0, 0, 0, 0, 
0, 0, 0, 0, 99, 105, 107, 126, 132, 115, 99, 99, 101, 105, 103, 109, 188, 0, 41, 0, 0, 0, 0, 0, 
0, 0, 190, 99, 103, 105, 109, 129, 132, 140, 103, 101, 101, 99, 101, 103, 105, 0, 14, 0, 0, 0, 0, 0, 
0, 0, 0, 130, 225, 101, 101, 105, 101, 99, 99, 131, 119, 101, 107, 0, 2, 0, 2, 0, 75, 0, 0, 0, 
0, 0, 0, 0, 99, 107, 107, 101, 99, 101, 127, 134, 136, 136, 101, 105, 105, 0, 0, 0, 0, 0, 194, 0, 
0, 0, 0, 101, 103, 101, 138, 127, 109, 99, 222, 105, 123, 138, 107, 0, 0, 16, 2, 0, 0, 0, 0, 0, 
0, 0, 0, 107, 105, 101, 103, 99, 125, 134, 103, 99, 101, 105, 103, 0, 0, 0, 0, 0, 2, 0, 0, 0, 
0, 0, 0, 107, 99, 99, 101, 107, 101, 99, 101, 126, 130, 107, 101, 104, 0, 0, 0, 85, 0, 0, 0, 0, 
0, 0, 0, 0, 101, 107, 107, 103, 128, 136, 101, 99, 101, 105, 99, 132, 0, 0, 10, 0, 4, 6, 0, 0, 0, 
0, 0, 0, 0, 102, 106, 107, 107, 113, 134, 111, 101, 99, 99, 105, 101, 0, 2, 2, 0, 4, 0, 0, 0, 0, 
0, 0, 0, 103, 124, 101, 107, 103, 107, 105, 128, 132, 98, 107, 104, 0, 2, 2, 0, 2, 0, 0, 0, 0, 
0, 0, 0, 0, 99, 105, 99, 101, 99, 104, 124, 136, 105, 101, 107, 99, 0, 0, 14, 2, 0, 0, 0, 0, 
0, 0, 190, 103, 105, 107, 101, 101, 121, 134, 128, 108, 103, 109, 101, 107, 101, 0, 0, 0, 0, 0, 185, 0, 
0, 0, 0, 287, 102, 101, 115, 134, 136, 101, 103, 101, 101, 101, 105, 101, 0, 148, 0, 24, 0, 2, 0, 0, 0, 
0, 0, 0, 261, 105, 101, 130, 132, 105, 105, 105, 144, 107, 101, 105, 132, 0, 2, 0, 0, 0, 0, 0, 0, 
0, 0, 0, 287, 103, 118, 128, 101, 99, 99, 109, 107, 130, 107, 105, 0, 0, 0, 0, 0, 0, 0, 0, 0, 0, 
0, 0, 0, 271, 109, 122, 130, 114, 101, 103, 105, 154, 104, 107, 134, 108, 57, 0, 20, 2, 0, 0, 0, 0, 0, 
0, 0, 0, 0, 107, 109, 107, 107, 126, 134, 99, 99, 103, 99, 105, 130, 0, 0, 16, 0, 4, 0, 0, 0, 0, 
0, 0, 0, 0, 99, 105, 105, 101, 99, 105, 99, 130, 134, 103, 105, 101, 83, 0, 0, 0, 0, 0, 2, 0, 0, 0, 0, 0, 0, 0, 0, 2, 0, 0, 0, 2, 0, 0, 0, 2, 0, 2, 0, 26, 0, 0, 0, 0, 
0, 0, 0, 166, 101, 101, 105, 136, 101, 105, 105, 204, 99, 134, 132, 103, 186, 0, 38, 0, 2, 0, 0, 0, 0, 
0, 0, 0, 182, 101, 105, 99, 103, 122, 132, 138, 111, 101, 101, 105, 101, 0, 154, 2, 16, 0, 0, 0, 0, 0, 
0, 0, 0, 99, 101, 101, 132, 130, 103, 101, 101, 99, 105, 101, 134, 182, 0, 14, 0, 10, 0, 0, 0, 0, 
0, 0, 176, 101, 107, 106, 109, 128, 132, 99, 99, 101, 106, 107, 111, 180, 0, 30, 0, 8, 0, 0, 0, 0, 
0, 0, 0, 0, 107, 107, 101, 101, 99, 105, 132, 140, 98, 101, 104, 103, 0, 0, 12, 0, 6, 0, 0, 0, 0, 
0, 0, 0, 0, 103, 107, 108, 105, 122, 134, 134, 105, 103, 101, 105, 99, 0, 2, 14, 0, 0, 0, 0, 0, 
0, 0, 0, 194, 99, 103, 103, 107, 134, 111, 99, 99, 101, 105, 101, 130, 142, 0, 18, 0, 2, 0, 0, 0, 0, 
0, 0, 0, 172, 101, 101, 99, 136, 130, 101, 99, 101, 101, 107, 101, 105, 134, 0, 22, 0, 2, 0, 0, 0, 0, 
0, 0, 0, 326, 107, 191, 130, 99, 99, 101, 105, 122, 130, 132, 101, 101, 0, 2, 0, 2, 0, 0, 0, 0, 
0, 0, 0, 285, 124, 182, 132, 99, 101, 105, 105, 235, 101, 134, 136, 105, 0, 2, 0, 0, 0, 0, 0, 0, 0, 0, 
0, 0, 0, 298, 101, 99, 107, 138, 134, 99, 99, 101, 99, 105, 99, 101, 101, 285, 2, 30, 0, 0, 0, 0, 
0, 0, 0, 304, 99, 99, 127, 117, 138, 101, 99, 101, 101, 101, 107, 101, 108, 269, 0, 16, 0, 0, 0, 0, 0, 
0, 0, 0, 103, 107, 105, 101, 103, 109, 109, 122, 127, 146, 117, 136, 136, 122, 101, 0, 0, 47, 2, 0, 0, 
0, 0, 0, 314, 99, 99, 101, 125, 130, 134, 138, 116, 103, 101, 103, 101, 107, 298, 105, 34, 0, 4, 0, 0, 0, 
0, 0, 0, 174, 270, 186, 107, 101, 99, 112, 99, 99, 160, 105, 107, 101, 105, 133, 2, 0, 0, 0, 0, 0, 
