1, 0; 1, 0; 3, 605; 3, 214; 3, 257; 3, 287; 3, 261; 2, 140; 2, 0; 2, 0; 1, 0; 1, 0; 
1, 0; 3, 389; 3, 265; 3, 206; 3, 230; 3, 231; 3, 245; 2, 103; 2, 2; 2, 0; 1, 0; 1, 0; 
1, 0; 3, 330; 3, 253; 3, 214; 3, 216; 3, 243; 3, 216; 3, 208; 2, 0; 2, 0; 1, 0; 1, 0; 
1, 0; 1, 0; 3, 212; 3, 218; 3, 253; 3, 382; 3, 280; 3, 206; 2, 0; 2, 0; 1, 0; 1, 0; 
1, 0; 1, 0; 3, 450; 3, 210; 3, 249; 3, 212; 3, 216; 3, 212; 2, 0; 2, 0; 1, 0; 1, 0; 
1, 0; 3, 342; 3, 226; 3, 206; 3, 210; 3, 237; 3, 210; 3, 220; 2, 0; 2, 0; 1, 0; 1, 0; 
1, 0; 3, 372; 3, 334; 3, 206; 3, 210; 3, 257; 3, 212; 3, 202; 2, 0; 2, 0; 1, 0; 1, 0; 
1, 0; 1, 0; 3, 220; 3, 224; 3, 220; 3, 246; 3, 210; 3, 247; 2, 0; 2, 0; 1, 0; 1, 0; 
1, 0; 1, 0; 3, 454; 3, 212; 3, 286; 3, 212; 3, 216; 2, 107; 2, 0; 2, 0; 1, 0; 1, 0; 
1, 0; 3, 358; 3, 210; 3, 218; 3, 212; 3, 214; 3, 210; 3, 270; 2, 2; 2, 0; 1, 0; 1, 0; 
1, 0; 3, 368; 3, 356; 3, 208; 3, 208; 3, 240; 3, 210; 3, 208; 2, 2; 2, 0; 1, 0; 1, 0; 
1, 0; 1, 0; 3, 208; 3, 210; 3, 210; 3, 253; 3, 212; 3, 208; 2, 0; 2, 0; 1, 0; 
1, 0; 3, 412; 3, 360; 3, 212; 3, 216; 3, 218; 3, 212; 3, 268; 2, 0; 2, 0; 1, 0; 1, 0; 
1, 0; 3, 382; 3, 330; 3, 214; 3, 212; 3, 216; 3, 210; 3, 194; 2, 0; 2, 0; 1, 0; 1, 0; 
1, 0; 1, 0; 3, 216; 3, 223; 3, 210; 3, 255; 3, 210; 3, 276; 2, 0; 2, 0; 1, 0; 1, 0; 
1, 0; 1, 0; 3, 273; 3, 210; 3, 255; 3, 340; 3, 290; 2, 103; 2, 0; 2, 0; 1, 0; 1, 0; 
1, 0; 1, 0; 3, 608; 3, 212; 3, 210; 3, 214; 3, 214; 2, 103; 2, 0; 2, 0; 1, 0; 1, 0; 
1, 0; 3, 404; 3, 290; 3, 220; 3, 250; 3, 214; 3, 206; 2, 146; 2, 2; 2, 0; 1, 0; 1, 0; 
1, 0; 1, 0; 3, 308; 3, 220; 3, 210; 3, 208; 3, 216; 2, 128; 2, 0; 2, 0; 1, 0; 
1, 0; 3, 392; 3, 338; 3, 212; 3, 212; 3, 243; 3, 214; 3, 239; 2, 2; 2, 0; 1, 0; 1, 0; 
1, 0; 1, 0; 3, 258; 3, 214; 3, 208; 3, 272; 3, 237; 3, 239; 2, 0; 2, 2; 1, 0; 1, 0; 
1, 0; 1, 0; 3, 216; 3, 210; 3, 273; 3, 242; 3, 212; 3, 239; 2, 2; 2, 0; 1, 0; 1, 0; 
1, 0; 1, 0; 3, 365; 3, 216; 3, 280; 3, 330; 3, 282; 2, 109; 2, 0; 2, 2; 1, 0; 1, 0; 
1, 0; 3, 370; 3, 214; 3, 206; 3, 269; 3, 206; 3, 259; 2, 103; 2, 0; 2, 0; 1, 0; 1, 0; 
1, 0; 1, 0; 3, 224; 3, 212; 3, 208; 3, 234; 3, 216; 2, 109; 2, 0; 2, 0; 1, 0; 1, 0; 
1, 0; 1, 0; 3, 249; 3, 210; 3, 210; 3, 253; 3, 216; 4, 415; 2, 28; 2, 0; 1, 0; 1, 0; 
1, 0; 1, 0; 3, 218; 3, 214; 3, 218; 3, 245; 3, 239; 2, 109; 2, 0; 2, 0; 1, 0; 1, 0; 
1, 0; 1, 0; 3, 300; 3, 208; 3, 214; 3, 229; 3, 206; 3, 266; 2, 0; 2, 0; 1, 0; 1, 0; 
1, 0; 1, 0; 3, 247; 3, 210; 3, 298; 3, 255; 3, 241; 3, 212; 2, 2; 2, 0; 1, 0; 1, 0; 1, 0; 
1, 0; 1, 0; 3, 218; 3, 214; 3, 224; 3, 278; 3, 214; 3, 239; 2, 0; 2, 0; 1, 0; 1, 0; 
1, 0; 3, 396; 3, 292; 3, 241; 3, 251; 3, 208; 3, 212; 2, 105; 3, 107; 2, 0; 1, 0; 1, 0; 
1, 0; 3, 332; 3, 305; 3, 210; 3, 212; 3, 212; 3, 212; 3, 206; 2, 0; 2, 0; 1, 0; 1, 0; 
1, 0; 1, 0; 3, 208; 3, 214; 3, 253; 3, 293; 3, 212; 3, 241; 2, 0; 2, 0; 1, 0; 1, 0; 
1, 0; 3, 352; 3, 346; 3, 216; 3, 210; 3, 253; 3, 212; 3, 192; 2, 0; 2, 0; 1, 0; 1, 0; 
1, 0; 1, 0; 3, 222; 3, 218; 3, 271; 3, 284; 3, 278; 3, 208; 2, 0; 2, 0; 1, 0; 1, 0; 
1, 0; 1, 0; 3, 450; 3, 214; 3, 210; 3, 276; 3, 212; 3, 216; 2, 0; 2, 2; 1, 0; 1, 0; 
1, 0; 1, 0; 3, 218; 3, 210; 3, 233; 3, 253; 3, 210; 3, 241; 2, 2; 2, 0; 1, 0; 1, 0; 
1, 0; 1, 0; 3, 460; 3, 216; 3, 294; 3, 263; 3, 257; 3, 210; 2, 0; 2, 2; 2, 0; 1, 0; 
1, 0; 3, 378; 3, 210; 3, 214; 3, 250; 3, 212; 3, 241; 2, 134; 3, 105; 2, 0; 1, 0; 1, 0; 
1, 0; 1, 0; 3, 224; 3, 212; 3, 206; 3, 226; 3, 208; 2, 125; 2, 0; 2, 0; 1, 0; 1, 0; 
1, 0; 1, 0; 3, 214; 3, 218; 3, 206; 3, 255; 3, 210; 3, 218; 2, 0; 2, 0; 1, 0; 
1, 0; 3, 382; 3, 358; 3, 208; 3, 241; 3, 202; 3, 230; 2, 103; 3, 107; 2, 0; 1, 0; 1, 0; 
1, 0; 1, 0; 3, 214; 3, 216; 3, 229; 3, 362; 3, 259; 3, 212; 2, 2; 2, 0; 1, 0; 1, 0; 
1, 0; 1, 0; 3, 271; 3, 212; 3, 282; 3, 257; 3, 241; 3, 216; 2, 0; 2, 0; 2, 8; 1, 0; 
1, 0; 1, 0; 3, 601; 3, 212; 3, 262; 3, 218; 3, 218; 3, 210; 2, 0; 2, 2; 2, 6; 1, 0; 
1, 0; 3, 380; 3, 263; 3, 210; 3, 245; 3, 241; 3, 247; 2, 109; 3, 121; 2, 0; 1, 0; 1, 0; 
1, 0; 3, 380; 3, 352; 3, 212; 3, 218; 3, 235; 3, 204; 2, 109; 3, 107; 2, 2; 1, 0; 1, 0; 
1, 0; 1, 0; 3, 218; 3, 247; 3, 214; 3, 244; 3, 218; 3, 206; 2, 28; 2, 0; 1, 0; 1, 0; 
1, 0; 1, 0; 3, 220; 3, 212; 3, 210; 3, 346; 3, 240; 3, 212; 2, 0; 2, 0; 1, 0; 1, 0; 
1, 0; 1, 0; 3, 390; 3, 218; 3, 210; 3, 245; 3, 212; 3, 216; 2, 0; 2, 0; 1, 0; 1, 0; 
1, 0; 3, 374; 3, 358; 3, 218; 3, 212; 3, 249; 3, 208; 3, 241; 3, 103; 2, 0; 1, 0; 1, 0; 
1, 0; 1, 0; 3, 216; 3, 251; 3, 208; 3, 288; 3, 222; 3, 212; 2, 0; 2, 0; 1, 0; 1, 0; 
1, 0; 1, 0; 3, 521; 3, 212; 3, 257; 3, 218; 3, 218; 3, 220; 2, 0; 2, 2; 2, 0; 1, 0; 
1, 0; 1, 0; 3, 316; 3, 212; 3, 206; 3, 266; 3, 210; 2, 144; 2, 0; 2, 0; 1, 0; 1, 0; 
1, 0; 3, 374; 3, 374; 3, 210; 3, 216; 3, 204; 3, 216; 3, 235; 3, 105; 2, 2; 1, 0; 1, 0; 
1, 0; 1, 0; 3, 210; 3, 216; 3, 212; 3, 282; 3, 214; 3, 212; 2, 0; 2, 0; 1, 0; 1, 0; 
1, 0; 1, 0; 3, 322; 3, 214; 3, 237; 3, 214; 3, 214; 3, 241; 2, 0; 2, 0; 2, 0; 1, 0; 
1, 0; 1, 0; 3, 575; 3, 214; 3, 206; 3, 214; 3, 212; 3, 239; 2, 2; 2, 2; 1, 0; 1, 0; 
1, 0; 3, 407; 3, 346; 3, 208; 3, 216; 3, 243; 3, 214; 3, 241; 2, 2; 2, 0; 1, 0; 1, 0; 
1, 0; 2, 158; 3, 235; 3, 212; 3, 210; 3, 270; 3, 208; 3, 251; 2, 0; 2, 0; 1, 0; 1, 0; 
1, 0; 1, 0; 3, 214; 3, 241; 3, 206; 3, 243; 3, 212; 3, 237; 2, 0; 2, 0; 1, 0; 1, 0; 
1, 0; 1, 0; 3, 498; 3, 212; 3, 286; 3, 249; 3, 257; 3, 208; 2, 2; 2, 0; 1, 0; 1, 0; 
1, 0; 1, 0; 3, 216; 3, 253; 3, 208; 3, 286; 3, 238; 3, 243; 2, 2; 2, 0; 1, 0; 1, 0; 
1, 0; 1, 0; 3, 494; 3, 216; 3, 270; 3, 212; 3, 222; 3, 212; 2, 2; 2, 2; 1, 0; 1, 0; 
1, 0; 1, 0; 3, 216; 3, 276; 3, 214; 3, 249; 3, 249; 3, 210; 2, 0; 2, 0; 1, 0; 1, 0; 
1, 0; 1, 0; 3, 488; 3, 220; 3, 239; 3, 216; 3, 212; 3, 253; 2, 0; 2, 0; 1, 0; 1, 0; 
1, 0; 1, 0; 3, 216; 3, 214; 3, 206; 3, 288; 3, 214; 3, 253; 2, 0; 2, 0; 1, 0; 1, 0; 
1, 0; 1, 0; 3, 417; 3, 214; 3, 253; 3, 212; 3, 212; 3, 245; 2, 0; 2, 0; 1, 0; 1, 0; 
1, 0; 1, 0; 3, 387; 3, 218; 3, 227; 3, 328; 3, 257; 3, 243; 2, 0; 2, 2; 2, 2; 1, 0; 1, 0; 
1, 0; 1, 0; 3, 216; 3, 212; 3, 214; 3, 380; 3, 286; 3, 212; 2, 0; 2, 0; 1, 0; 1, 0; 
1, 0; 1, 0; 3, 224; 3, 208; 3, 254; 3, 293; 3, 243; 3, 251; 2, 0; 2, 0; 1, 0; 1, 0; 
1, 0; 1, 0; 3, 324; 3, 218; 3, 206; 3, 263; 3, 206; 3, 249; 2, 0; 2, 0; 1, 0; 1, 0; 
1, 0; 1, 0; 3, 206; 3, 210; 3, 253; 3, 291; 3, 231; 3, 249; 2, 0; 2, 0; 1, 0; 1, 0; 
1, 0; 3, 324; 3, 324; 3, 212; 3, 210; 3, 218; 3, 214; 3, 243; 2, 0; 2, 2; 1, 0; 1, 0; 
1, 0; 1, 0; 3, 212; 3, 210; 3, 265; 3, 253; 3, 249; 3, 210; 2, 2; 2, 0; 1, 0; 1, 0; 
1, 0; 1, 0; 3, 552; 3, 214; 3, 226; 3, 210; 3, 212; 3, 249; 2, 0; 2, 2; 1, 0; 1, 0; 
1, 0; 1, 0; 3, 212; 3, 237; 3, 214; 3, 243; 3, 208; 3, 210; 2, 0; 2, 0; 1, 0; 1, 0; 
1, 0; 1, 0; 3, 462; 3, 214; 3, 249; 3, 297; 3, 239; 3, 235; 2, 0; 2, 0; 1, 0; 1, 0; 
1, 0; 1, 0; 3, 218; 3, 249; 3, 212; 3, 236; 3, 220; 3, 249; 2, 0; 2, 0; 1, 0; 1, 0; 
1, 0; 1, 0; 3, 485; 3, 212; 3, 249; 3, 227; 3, 212; 3, 206; 2, 0; 2, 0; 1, 0; 1, 0; 
1, 0; 1, 0; 3, 218; 3, 233; 3, 206; 3, 245; 3, 216; 3, 237; 2, 0; 2, 0; 1, 0; 1, 0; 
1, 0; 1, 0; 3, 427; 3, 216; 3, 284; 3, 307; 3, 263; 3, 214; 2, 0; 2, 2; 1, 0; 1, 0; 
1, 0; 1, 0; 3, 214; 3, 220; 3, 210; 3, 239; 3, 210; 3, 206; 2, 0; 2, 0; 1, 0; 
1, 0; 1, 0; 3, 576; 3, 212; 3, 206; 3, 220; 3, 210; 3, 247; 2, 0; 2, 0; 1, 0; 1, 0; 
1, 0; 1, 0; 3, 216; 3, 249; 3, 206; 3, 245; 3, 206; 3, 212; 2, 0; 2, 0; 1, 0; 1, 0; 
1, 0; 1, 0; 3, 413; 3, 212; 3, 267; 3, 386; 3, 270; 3, 216; 2, 0; 2, 0; 1, 0; 1, 0; 
1, 0; 1, 0; 3, 218; 3, 235; 3, 214; 3, 214; 3, 247; 3, 206; 2, 2; 2, 0; 1, 0; 1, 0; 
1, 0; 1, 0; 3, 311; 3, 218; 3, 272; 3, 279; 3, 239; 3, 233; 2, 0; 2, 2; 1, 0; 1, 0; 
1, 0; 1, 0; 3, 247; 3, 222; 3, 212; 3, 226; 3, 214; 3, 230; 2, 0; 2, 0; 1, 0; 1, 0; 
1, 0; 1, 0; 3, 218; 3, 218; 3, 271; 3, 305; 3, 239; 3, 218; 2, 0; 2, 0; 1, 0; 1, 0; 
1, 0; 1, 0; 3, 257; 3, 210; 3, 220; 3, 236; 3, 241; 3, 243; 2, 0; 2, 0; 1, 0; 1, 0; 
1, 0; 1, 0; 3, 281; 3, 214; 3, 237; 3, 261; 3, 255; 3, 210; 2, 0; 2, 0; 1, 0; 1, 0; 
1, 0; 1, 0; 3, 220; 3, 216; 3, 210; 3, 282; 3, 208; 3, 210; 2, 0; 2, 0; 1, 0; 1, 0; 
1, 0; 1, 0; 3, 237; 3, 220; 3, 251; 3, 281; 3, 214; 3, 210; 2, 0; 2, 0; 1, 0; 1, 0; 
1, 0; 1, 0; 3, 275; 3, 210; 3, 208; 3, 288; 3, 214; 3, 218; 2, 0; 2, 0; 1, 0; 1, 0; 
1, 0; 1, 0; 3, 208; 3, 218; 3, 239; 3, 291; 3, 245; 3, 214; 2, 0; 2, 0; 1, 0; 1, 0; 
1, 0; 3, 362; 3, 348; 3, 214; 3, 214; 3, 249; 3, 212; 3, 249; 2, 0; 2, 0; 1, 0; 1, 0; 
1, 0; 1, 0; 3, 220; 3, 216; 3, 212; 3, 383; 3, 270; 3, 210; 2, 0; 2, 0; 1, 0; 1, 0; 
1, 0; 1, 0; 3, 422; 3, 210; 3, 259; 3, 239; 3, 243; 3, 208; 2, 0; 2, 2; 1, 0; 1, 0; 
1, 0; 3, 364; 3, 222; 3, 206; 3, 266; 3, 206; 3, 247; 2, 146; 2, 2; 2, 0; 1, 0; 1, 0; 
1, 0; 1, 0; 3, 208; 3, 269; 3, 208; 3, 345; 3, 268; 3, 212; 2, 0; 2, 0; 1, 0; 1, 0; 
1, 0; 3, 368; 3, 216; 3, 210; 3, 259; 3, 237; 3, 214; 3, 226; 3, 142; 2, 0; 1, 0; 1, 0; 
1, 0; 1, 0; 3, 210; 3, 292; 3, 206; 3, 251; 3, 212; 3, 245; 2, 0; 2, 0; 1, 0; 1, 0; 
1, 0; 1, 0; 3, 530; 3, 212; 3, 208; 3, 247; 3, 208; 3, 265; 2, 2; 2, 0; 1, 0; 1, 0; 
1, 0; 3, 384; 3, 368; 3, 206; 3, 210; 3, 274; 3, 210; 3, 214; 2, 0; 2, 0; 1, 0; 1, 0; 
1, 0; 1, 0; 3, 231; 3, 240; 3, 208; 3, 253; 3, 245; 3, 249; 2, 0; 2, 0; 1, 0; 1, 0; 
1, 0; 1, 0; 3, 208; 3, 216; 3, 262; 3, 253; 3, 235; 3, 214; 2, 0; 2, 0; 1, 0; 1, 0; 
1, 0; 3, 346; 3, 316; 3, 208; 3, 216; 3, 265; 3, 212; 3, 206; 2, 0; 2, 0; 1, 0; 1, 0; 
1, 0; 1, 0; 3, 210; 3, 216; 3, 288; 3, 216; 3, 226; 3, 206; 2, 0; 2, 0; 1, 0; 1, 0; 
1, 0; 3, 358; 3, 293; 3, 214; 3, 228; 3, 271; 3, 257; 2, 103; 2, 0; 2, 0; 1, 0; 1, 0; 
1, 0; 1, 0; 3, 218; 3, 212; 3, 253; 3, 315; 3, 226; 3, 210; 2, 0; 2, 2; 1, 0; 1, 0; 
1, 0; 3, 362; 3, 338; 3, 210; 3, 214; 3, 229; 3, 210; 3, 222; 2, 0; 2, 0; 1, 0; 1, 0; 
1, 0; 1, 0; 3, 206; 3, 216; 3, 284; 3, 245; 3, 253; 3, 238; 2, 0; 2, 2; 1, 0; 1, 0; 
1, 0; 3, 386; 3, 356; 3, 208; 3, 212; 3, 237; 3, 212; 3, 216; 2, 0; 2, 2; 1, 0; 1, 0; 
1, 0; 1, 0; 3, 216; 3, 214; 3, 246; 3, 268; 3, 220; 3, 214; 2, 0; 2, 0; 1, 0; 1, 0; 
