0, 0, 0, 383, 267, 188, 178, 258, 161, 150, 198, 170, 121, 202, 164, 210, 113, 41, 0, 51, 47, 63, 83, 0, 0, 79, 16, 101, 105, 95, 77, 0, 0, 0, 0, 0, 0, 0, 0, 0, 2, 0, 0, 0, 0, 
0, 0, 0, 360, 517, 324, 212, 101, 198, 202, 206, 210, 229, 235, 206, 206, 107, 99, 101, 118, 0, 0, 0, 0, 0, 
0, 0, 0, 540, 237, 278, 187, 208, 202, 207, 208, 291, 202, 206, 206, 227, 235, 117, 109, 103, 0, 0, 0, 0, 0, 0, 0, 0, 0, 0, 0, 
0, 0, 0, 0, 202, 218, 208, 227, 235, 235, 231, 215, 204, 206, 202, 170, 276, 0, 18, 0, 2, 0, 6, 0, 4, 0, 2, 0, 0, 0, 0, 
0, 0, 0, 371, 198, 204, 204, 227, 197, 241, 272, 245, 233, 206, 267, 210, 150, 279, 99, 144, 8, 107, 0, 6, 0, 0, 0, 0, 0, 
0, 193, 0, 202, 218, 202, 204, 210, 229, 235, 241, 241, 210, 204, 204, 204, 214, 111, 128, 0, 0, 8, 0, 0, 0, 0, 0, 
0, 0, 0, 536, 123, 241, 202, 224, 237, 236, 251, 233, 237, 248, 241, 229, 204, 277, 107, 43, 0, 4, 0, 0, 0, 
0, 0, 0, 356, 198, 202, 206, 245, 260, 262, 240, 202, 214, 247, 207, 198, 212, 290, 101, 45, 0, 6, 0, 0, 0, 
0, 0, 0, 468, 198, 202, 237, 225, 202, 206, 200, 326, 202, 206, 260, 239, 130, 320, 128, 175, 0, 4, 0, 2, 0, 0, 0, 0, 0, 0, 
0, 0, 0, 202, 214, 210, 229, 235, 251, 229, 206, 206, 202, 206, 204, 208, 105, 111, 18, 0, 2, 0, 0, 0, 0, 0, 
0, 0, 0, 520, 198, 196, 210, 235, 229, 270, 257, 241, 223, 304, 206, 206, 212, 293, 99, 45, 0, 4, 0, 0, 0, 
0, 0, 0, 386, 204, 152, 208, 202, 226, 241, 217, 202, 202, 208, 227, 237, 233, 57, 101, 152, 136, 2, 0, 0, 0, 0, 0, 
0, 0, 0, 508, 225, 287, 270, 237, 229, 208, 206, 261, 206, 220, 237, 207, 170, 233, 103, 44, 0, 8, 0, 0, 0, 0, 0, 
0, 0, 0, 0, 202, 210, 210, 206, 230, 241, 229, 202, 198, 229, 235, 206, 212, 0, 0, 14, 0, 0, 0, 0, 0, 
0, 0, 0, 241, 547, 241, 237, 237, 210, 202, 208, 204, 202, 208, 198, 208, 208, 107, 103, 0, 0, 59, 0, 0, 0, 0, 
0, 0, 0, 0, 198, 212, 218, 205, 229, 270, 233, 198, 202, 208, 208, 202, 226, 0, 0, 0, 0, 0, 0, 2, 0, 0, 0, 0, 0, 0, 
0, 0, 344, 202, 210, 212, 220, 237, 214, 223, 231, 233, 233, 206, 208, 241, 0, 0, 18, 2, 0, 0, 0, 0, 
0, 0, 0, 384, 202, 202, 218, 256, 255, 202, 202, 220, 204, 202, 204, 232, 231, 0, 0, 18, 0, 2, 0, 0, 0, 
0, 0, 380, 198, 208, 198, 251, 264, 233, 198, 202, 198, 206, 208, 204, 237, 0, 2, 18, 0, 0, 0, 0, 0, 
0, 0, 0, 404, 202, 198, 226, 261, 245, 206, 202, 204, 202, 208, 202, 235, 304, 0, 30, 0, 0, 0, 0, 0, 0, 
0, 0, 0, 0, 198, 208, 212, 224, 257, 251, 210, 202, 202, 202, 212, 204, 235, 0, 0, 2, 0, 0, 0, 0, 
0, 0, 0, 551, 208, 218, 260, 248, 206, 212, 208, 321, 208, 206, 230, 262, 237, 152, 0, 32, 0, 4, 0, 0, 0, 
0, 0, 0, 366, 202, 206, 224, 234, 204, 212, 198, 311, 208, 204, 274, 249, 113, 0, 0, 16, 0, 0, 0, 0, 
0, 0, 0, 502, 286, 346, 256, 200, 208, 198, 202, 208, 218, 229, 208, 204, 101, 206, 101, 28, 0, 4, 0, 0, 0, 
0, 0, 0, 0, 0, 198, 218, 212, 234, 278, 243, 198, 249, 208, 204, 249, 232, 134, 0, 0, 2, 0, 0, 0, 0, 
0, 0, 404, 202, 198, 237, 236, 210, 237, 237, 314, 216, 301, 229, 237, 99, 271, 101, 18, 0, 4, 0, 0, 0, 
0, 0, 0, 0, 0, 198, 220, 210, 208, 198, 247, 264, 231, 214, 202, 208, 204, 210, 0, 0, 0, 0, 0, 0, 0, 
0, 0, 0, 0, 204, 218, 214, 212, 232, 266, 237, 198, 202, 204, 208, 204, 239, 0, 0, 0, 0, 0, 0, 0, 
0, 0, 0, 546, 206, 202, 229, 267, 232, 235, 198, 243, 204, 208, 198, 243, 233, 289, 107, 45, 0, 4, 0, 0, 0, 
0, 0, 0, 0, 198, 206, 200, 257, 253, 224, 202, 307, 204, 214, 239, 218, 132, 0, 0, 0, 0, 0, 0, 0, 
0, 0, 0, 533, 202, 225, 260, 258, 226, 220, 202, 295, 208, 202, 241, 235, 99, 251, 105, 32, 0, 4, 0, 0, 0, 
0, 0, 0, 356, 202, 206, 202, 247, 266, 233, 198, 204, 202, 208, 204, 230, 206, 0, 0, 16, 0, 0, 0, 0, 
0, 0, 0, 0, 366, 202, 202, 232, 270, 210, 210, 210, 442, 208, 235, 274, 235, 83, 0, 0, 16, 0, 0, 0, 0, 
0, 0, 0, 358, 202, 206, 208, 225, 222, 216, 239, 284, 212, 198, 224, 235, 180, 0, 0, 18, 0, 0, 0, 0, 
0, 0, 0, 528, 313, 338, 239, 208, 208, 202, 202, 267, 208, 233, 216, 208, 126, 233, 123, 28, 0, 4, 0, 0, 0, 
0, 0, 0, 380, 202, 206, 240, 258, 212, 208, 208, 348, 206, 231, 241, 227, 122, 0, 0, 14, 0, 0, 0, 0, 
0, 0, 0, 0, 458, 206, 202, 257, 263, 241, 202, 202, 273, 206, 204, 216, 101, 178, 0, 28, 0, 0, 0, 0, 0, 
0, 0, 0, 508, 204, 204, 241, 250, 231, 206, 210, 253, 202, 210, 233, 202, 103, 186, 2, 47, 0, 0, 0, 0, 
0, 0, 0, 0, 202, 208, 212, 214, 238, 272, 222, 202, 198, 202, 208, 202, 198, 0, 0, 0, 0, 0, 0, 0, 
0, 0, 0, 0, 328, 202, 202, 202, 278, 280, 200, 202, 200, 208, 210, 202, 243, 266, 0, 0, 18, 0, 0, 0, 0, 
0, 0, 0, 320, 198, 206, 206, 237, 261, 235, 228, 200, 202, 204, 208, 223, 241, 0, 0, 16, 0, 0, 0, 0, 
0, 0, 0, 0, 354, 202, 204, 218, 275, 225, 212, 210, 340, 206, 245, 276, 117, 154, 0, 32, 0, 4, 0, 0, 0, 
0, 0, 0, 360, 198, 208, 216, 256, 231, 214, 204, 332, 198, 246, 243, 220, 140, 0, 0, 14, 0, 0, 0, 0, 
0, 0, 0, 514, 220, 320, 264, 231, 208, 210, 204, 241, 204, 236, 231, 208, 134, 127, 0, 28, 0, 4, 0, 0, 0, 
0, 0, 0, 380, 198, 206, 215, 241, 232, 241, 216, 322, 208, 198, 251, 210, 107, 0, 0, 16, 0, 0, 0, 0, 
0, 0, 0, 539, 349, 356, 251, 204, 198, 214, 212, 397, 204, 232, 237, 239, 140, 65, 0, 26, 0, 0, 0, 0, 0, 
0, 0, 0, 454, 198, 202, 242, 235, 229, 208, 206, 233, 198, 247, 204, 214, 134, 178, 0, 26, 0, 6, 0, 0, 0, 
0, 0, 0, 0, 206, 206, 210, 231, 233, 212, 241, 272, 229, 206, 228, 237, 101, 0, 0, 0, 0, 0, 0, 0, 
0, 0, 0, 546, 212, 198, 268, 256, 206, 212, 206, 253, 208, 210, 243, 238, 138, 188, 0, 45, 0, 0, 0, 0, 
0, 0, 0, 0, 559, 206, 324, 247, 206, 198, 202, 204, 239, 250, 251, 208, 107, 2, 0, 0, 0, 0, 0, 0, 0, 
