1, 0; 1, 0; 2, 103; 2, 107; 2, 140; 2, 158; 2, 142; 2, 87; 2, 0; 2, 6; 1, 0; 
1, 0; 1, 0; 2, 107; 2, 105; 2, 140; 2, 120; 2, 120; 2, 105; 2, 0; 2, 0; 1, 0; 1, 0; 
1, 0; 2, 188; 2, 115; 2, 106; 2, 105; 2, 107; 2, 132; 2, 115; 3, 107; 2, 0; 1, 0; 1, 0; 
1, 0; 2, 174; 2, 130; 2, 105; 2, 103; 2, 121; 2, 105; 2, 103; 2, 2; 2, 0; 1, 0; 
1, 0; 1, 0; 2, 109; 2, 142; 2, 109; 2, 103; 2, 130; 2, 105; 2, 0; 2, 2; 1, 0; 1, 0; 
1, 0; 2, 174; 2, 107; 2, 107; 2, 103; 2, 105; 2, 106; 2, 107; 2, 85; 2, 0; 1, 0; 
1, 0; 1, 0; 2, 113; 2, 105; 2, 152; 2, 107; 2, 109; 2, 150; 2, 2; 2, 0; 1, 0; 1, 0; 
1, 0; 1, 0; 2, 117; 2, 103; 2, 126; 2, 148; 2, 144; 2, 87; 2, 0; 2, 0; 1, 0; 1, 0; 
1, 0; 1, 0; 2, 282; 2, 107; 2, 109; 2, 105; 2, 105; 2, 105; 2, 0; 2, 0; 1, 0; 1, 0; 
1, 0; 1, 0; 2, 178; 2, 105; 2, 105; 2, 115; 2, 107; 2, 105; 2, 10; 2, 2; 1, 0; 1, 0; 
1, 0; 1, 0; 2, 265; 2, 103; 2, 109; 2, 126; 2, 103; 2, 105; 2, 0; 2, 2; 2, 14; 1, 0; 
1, 0; 1, 0; 2, 294; 2, 105; 2, 122; 2, 105; 2, 111; 2, 111; 2, 0; 2, 2; 1, 0; 1, 0; 
1, 0; 2, 178; 2, 190; 2, 105; 2, 103; 2, 138; 2, 105; 2, 103; 2, 0; 2, 0; 1, 0; 
1, 0; 2, 187; 2, 150; 2, 106; 2, 103; 2, 136; 2, 105; 2, 103; 2, 0; 2, 0; 1, 0; 
1, 0; 2, 174; 2, 134; 2, 105; 2, 103; 2, 136; 2, 106; 2, 103; 1, 0; 2, 26; 1, 0; 1, 0; 
1, 0; 1, 0; 2, 107; 2, 111; 2, 107; 2, 140; 2, 105; 1, 0; 2, 0; 2, 0; 1, 0; 
1, 0; 1, 0; 2, 111; 2, 111; 2, 107; 2, 225; 2, 142; 2, 89; 2, 0; 2, 8; 1, 0; 
1, 0; 1, 0; 2, 299; 2, 105; 2, 154; 2, 113; 2, 140; 2, 103; 2, 0; 2, 0; 1, 0; 
1, 0; 1, 0; 2, 322; 2, 103; 2, 138; 2, 105; 2, 124; 2, 109; 2, 2; 2, 0; 1, 0; 
1, 0; 1, 0; 2, 204; 2, 103; 2, 103; 2, 136; 2, 105; 2, 105; 2, 0; 2, 32; 1, 0; 1, 0; 
1, 0; 1, 0; 2, 107; 2, 103; 2, 109; 2, 112; 2, 105; 2, 103; 2, 0; 2, 0; 1, 0; 
1, 0; 1, 0; 2, 106; 2, 144; 2, 107; 2, 109; 2, 132; 2, 105; 2, 0; 2, 0; 1, 0; 
1, 0; 1, 0; 2, 107; 2, 140; 2, 105; 2, 101; 2, 142; 2, 103; 2, 0; 2, 0; 1, 0; 
1, 0; 1, 0; 2, 107; 2, 144; 2, 105; 2, 107; 2, 136; 2, 103; 2, 0; 2, 0; 1, 0; 
1, 0; 1, 0; 2, 107; 2, 148; 2, 105; 2, 101; 2, 138; 2, 105; 2, 0; 2, 0; 1, 0; 
1, 0; 2, 198; 2, 187; 2, 105; 2, 103; 2, 115; 2, 105; 2, 103; 2, 2; 2, 0; 1, 0; 
1, 0; 2, 194; 2, 194; 2, 109; 2, 105; 2, 103; 2, 107; 2, 107; 2, 0; 2, 0; 1, 0; 
1, 0; 2, 192; 2, 194; 2, 105; 2, 105; 2, 105; 2, 117; 2, 105; 2, 0; 1, 0; 1, 0; 
1, 0; 2, 188; 2, 198; 2, 105; 2, 107; 2, 138; 2, 105; 2, 103; 2, 0; 2, 0; 1, 0; 
1, 0; 2, 201; 2, 195; 2, 105; 2, 105; 2, 107; 2, 107; 2, 128; 3, 263; 2, 0; 1, 0; 1, 0; 
1, 0; 1, 0; 2, 110; 2, 109; 2, 107; 2, 130; 2, 105; 2, 103; 2, 2; 2, 0; 1, 0; 
1, 0; 1, 0; 2, 103; 2, 105; 2, 126; 2, 106; 2, 105; 2, 146; 2, 107; 2, 0; 1, 0; 1, 0; 
1, 0; 1, 0; 2, 107; 2, 103; 2, 107; 2, 186; 2, 136; 2, 105; 2, 0; 2, 6; 1, 0; 1, 0; 
1, 0; 2, 194; 2, 186; 2, 103; 2, 107; 2, 140; 2, 107; 2, 107; 2, 2; 2, 0; 1, 0; 
1, 0; 2, 194; 2, 182; 2, 109; 2, 103; 2, 136; 2, 113; 2, 103; 2, 0; 2, 0; 1, 0; 
1, 0; 1, 0; 2, 253; 2, 107; 2, 127; 2, 107; 2, 107; 2, 105; 2, 0; 2, 0; 1, 0; 
1, 0; 1, 0; 2, 107; 2, 105; 2, 115; 2, 196; 2, 144; 2, 103; 2, 0; 2, 4; 1, 0; 1, 0; 
1, 0; 1, 0; 2, 202; 2, 107; 2, 103; 2, 109; 2, 109; 2, 136; 2, 2; 2, 0; 1, 0; 1, 0; 
1, 0; 2, 190; 2, 160; 2, 103; 2, 109; 2, 123; 2, 103; 2, 109; 1, 0; 2, 24; 1, 0; 
1, 0; 1, 0; 2, 280; 2, 109; 2, 116; 2, 107; 2, 103; 2, 105; 2, 0; 2, 0; 1, 0; 1, 0; 
1, 0; 1, 0; 2, 105; 2, 107; 2, 140; 2, 105; 2, 103; 2, 105; 2, 0; 2, 4; 1, 0; 
1, 0; 1, 0; 2, 259; 2, 109; 2, 106; 2, 107; 2, 105; 2, 138; 2, 0; 2, 0; 1, 0; 
1, 0; 1, 0; 2, 103; 2, 115; 2, 105; 2, 127; 2, 105; 1, 0; 2, 0; 2, 6; 1, 0; 
1, 0; 1, 0; 2, 111; 2, 105; 2, 105; 2, 131; 2, 105; 1, 0; 2, 0; 2, 0; 1, 0; 
1, 0; 1, 0; 2, 275; 2, 107; 2, 125; 2, 192; 2, 113; 1, 0; 2, 0; 2, 6; 1, 0; 
1, 0; 2, 196; 2, 188; 2, 105; 2, 109; 2, 140; 2, 107; 2, 103; 2, 2; 2, 0; 1, 0; 
1, 0; 1, 0; 2, 136; 2, 105; 2, 105; 2, 144; 2, 105; 2, 105; 2, 0; 2, 0; 1, 0; 
1, 0; 1, 0; 2, 109; 2, 103; 2, 107; 2, 136; 2, 109; 2, 115; 2, 0; 2, 0; 1, 0; 
1, 0; 2, 199; 2, 190; 2, 103; 2, 107; 2, 140; 2, 107; 2, 103; 2, 0; 2, 0; 1, 0; 
1, 0; 1, 0; 2, 107; 2, 145; 2, 109; 2, 107; 2, 140; 2, 103; 2, 0; 2, 0; 1, 0; 
