0, 0, 0, 0, 404, 414, 430, 436, 441, 478, 482, 506, 431, 441, 469, 434, 309, 0, 0, 16, 0, 0, 0, 0, 0, 
0, 0, 0, 398, 410, 408, 488, 525, 431, 412, 466, 416, 404, 447, 505, 283, 0, 0, 16, 0, 0, 0, 0, 0, 
0, 0, 0, 730, 404, 412, 402, 499, 476, 437, 429, 643, 412, 452, 508, 427, 105, 188, 0, 51, 0, 4, 0, 0, 0, 
0, 0, 755, 404, 420, 422, 445, 464, 466, 445, 538, 402, 435, 416, 424, 336, 188, 0, 51, 0, 4, 0, 0, 0, 
0, 0, 0, 920, 412, 404, 534, 476, 406, 414, 420, 702, 451, 433, 441, 363, 148, 115, 0, 36, 0, 4, 0, 0, 0, 
0, 0, 0, 720, 404, 414, 437, 486, 472, 422, 404, 510, 433, 482, 437, 445, 168, 0, 36, 0, 12, 2, 0, 2, 0, 0, 
0, 0, 752, 404, 410, 402, 467, 540, 454, 396, 400, 404, 408, 428, 444, 474, 330, 0, 53, 0, 2, 0, 2, 0, 0, 0, 0, 
0, 0, 0, 772, 404, 406, 493, 489, 435, 406, 410, 458, 456, 491, 429, 318, 134, 144, 0, 38, 0, 2, 0, 0, 0, 
0, 0, 0, 0, 404, 424, 430, 427, 476, 441, 456, 445, 411, 420, 435, 476, 295, 0, 0, 16, 2, 0, 0, 194, 0, 
0, 0, 704, 396, 404, 408, 503, 493, 427, 437, 441, 400, 420, 427, 478, 346, 180, 0, 38, 0, 2, 0, 0, 0, 
0, 0, 0, 743, 404, 396, 404, 476, 508, 460, 457, 470, 400, 410, 445, 450, 206, 154, 0, 40, 0, 4, 0, 0, 0, 
0, 0, 796, 396, 404, 418, 422, 512, 532, 412, 418, 412, 416, 400, 404, 414, 269, 89, 36, 0, 2, 0, 0, 0, 0, 
0, 0, 0, 396, 420, 428, 438, 468, 469, 470, 441, 412, 400, 408, 457, 421, 0, 0, 18, 0, 2, 0, 0, 0, 
0, 0, 0, 774, 404, 404, 440, 526, 461, 432, 412, 713, 402, 453, 476, 472, 130, 184, 0, 51, 0, 6, 0, 0, 0, 
0, 0, 0, 0, 400, 430, 428, 449, 502, 491, 404, 412, 408, 416, 436, 462, 237, 0, 0, 16, 0, 0, 0, 174, 0, 
0, 0, 0, 404, 430, 410, 398, 400, 453, 472, 456, 490, 417, 404, 404, 404, 229, 2, 16, 0, 0, 0, 0, 0, 0, 
0, 0, 0, 760, 404, 412, 436, 503, 478, 445, 426, 625, 412, 432, 478, 484, 132, 190, 0, 51, 0, 4, 0, 0, 0, 
0, 0, 0, 0, 400, 430, 418, 418, 446, 499, 407, 435, 447, 408, 406, 427, 518, 0, 53, 0, 18, 0, 0, 0, 0, 
0, 0, 0, 396, 424, 422, 408, 427, 523, 509, 438, 404, 410, 422, 406, 412, 130, 0, 16, 0, 0, 0, 0, 0, 0, 
0, 0, 0, 765, 967, 554, 455, 420, 404, 408, 396, 580, 472, 427, 428, 443, 125, 0, 2, 0, 0, 2, 0, 0, 0, 0, 
0, 0, 719, 404, 418, 412, 480, 483, 466, 429, 447, 406, 414, 437, 454, 410, 309, 0, 53, 0, 2, 0, 0, 0, 0, 
0, 0, 0, 396, 422, 414, 418, 495, 470, 416, 452, 437, 410, 453, 486, 377, 0, 2, 0, 0, 0, 0, 0, 0, 0, 
0, 0, 0, 812, 811, 660, 447, 406, 396, 396, 420, 568, 477, 466, 474, 429, 81, 0, 2, 0, 2, 0, 0, 0, 0, 0, 
0, 0, 0, 530, 1082, 476, 439, 406, 404, 410, 437, 661, 414, 445, 451, 441, 225, 99, 105, 2, 0, 85, 0, 0, 0, 
0, 0, 0, 424, 408, 398, 406, 410, 406, 404, 435, 475, 447, 450, 441, 441, 129, 0, 0, 0, 2, 0, 0, 0, 0, 
0, 0, 0, 120, 426, 422, 462, 501, 476, 453, 435, 577, 420, 426, 466, 466, 281, 0, 2, 0, 0, 69, 0, 0, 0, 0, 0, 
0, 0, 0, 858, 422, 437, 491, 522, 470, 437, 408, 500, 410, 406, 420, 462, 461, 6, 2, 0, 0, 0, 0, 0, 0, 
0, 0, 0, 872, 497, 527, 501, 483, 450, 414, 400, 559, 399, 425, 474, 419, 202, 101, 103, 0, 0, 0, 0, 0, 0, 
0, 0, 0, 0, 826, 404, 404, 452, 510, 456, 423, 398, 559, 406, 404, 453, 465, 401, 109, 0, 39, 0, 2, 0, 0, 0, 
0, 0, 0, 0, 408, 416, 428, 412, 444, 441, 460, 485, 467, 425, 427, 427, 394, 154, 0, 18, 0, 0, 0, 0, 0, 
0, 0, 0, 680, 390, 420, 424, 414, 433, 510, 492, 462, 435, 400, 435, 424, 447, 289, 105, 26, 0, 0, 0, 0, 0, 0, 
0, 0, 0, 743, 400, 408, 416, 454, 487, 458, 452, 402, 412, 420, 418, 447, 472, 184, 0, 51, 2, 18, 0, 0, 0, 0, 
0, 0, 0, 767, 398, 404, 404, 487, 501, 443, 406, 448, 437, 429, 436, 468, 338, 132, 0, 41, 0, 4, 0, 0, 0, 
0, 0, 0, 840, 398, 404, 431, 520, 477, 430, 404, 460, 412, 416, 433, 452, 440, 95, 0, 38, 0, 4, 0, 0, 0, 0, 
0, 0, 0, 823, 420, 497, 493, 491, 435, 420, 412, 447, 427, 416, 449, 442, 336, 117, 0, 0, 0, 65, 0, 0, 0, 
0, 0, 0, 780, 807, 646, 472, 404, 406, 408, 410, 583, 563, 439, 445, 452, 387, 107, 0, 0, 0, 47, 0, 0, 0, 0, 
0, 0, 0, 636, 396, 424, 426, 426, 273, 507, 508, 445, 410, 408, 410, 414, 435, 182, 0, 42, 0, 4, 0, 0, 0, 0, 
0, 0, 0, 696, 404, 408, 420, 437, 513, 450, 410, 406, 398, 406, 406, 406, 468, 192, 0, 51, 0, 4, 0, 0, 0, 
0, 0, 0, 910, 422, 429, 463, 481, 446, 445, 443, 459, 398, 404, 449, 431, 392, 36, 0, 34, 0, 4, 0, 0, 0, 
0, 0, 0, 444, 763, 418, 420, 416, 398, 408, 450, 462, 441, 422, 406, 420, 101, 0, 0, 0, 2, 20, 0, 0, 0, 0, 
0, 0, 0, 424, 400, 404, 396, 408, 412, 404, 494, 500, 435, 406, 416, 400, 101, 103, 2, 0, 2, 0, 0, 0, 0, 0, 
0, 0, 0, 308, 406, 428, 428, 416, 476, 503, 417, 437, 431, 408, 410, 410, 437, 176, 0, 16, 0, 14, 0, 0, 0, 0, 
0, 0, 0, 930, 422, 404, 476, 520, 468, 400, 396, 539, 400, 404, 437, 472, 363, 43, 0, 51, 0, 0, 0, 0, 0, 
0, 0, 0, 398, 623, 396, 410, 420, 408, 396, 431, 460, 472, 468, 400, 412, 0, 0, 2, 0, 0, 20, 0, 0, 0, 0, 
0, 0, 0, 0, 398, 426, 428, 420, 445, 538, 447, 458, 420, 416, 416, 406, 431, 0, 0, 16, 2, 2, 0, 0, 0, 0, 0, 
0, 0, 0, 0, 487, 873, 398, 414, 420, 378, 404, 460, 478, 422, 408, 406, 353, 132, 0, 0, 2, 0, 83, 0, 0, 0, 
0, 0, 0, 862, 580, 597, 504, 437, 402, 406, 408, 633, 408, 437, 452, 447, 336, 0, 0, 0, 0, 0, 0, 0, 0, 0, 
0, 0, 0, 747, 396, 420, 404, 469, 497, 458, 433, 402, 408, 414, 412, 428, 449, 182, 0, 51, 0, 6, 0, 0, 0, 
0, 0, 0, 0, 404, 430, 416, 412, 418, 518, 505, 447, 422, 402, 416, 420, 431, 178, 0, 16, 0, 8, 0, 4, 0, 0, 0, 0, 
0, 0, 0, 755, 406, 396, 406, 495, 499, 462, 406, 467, 422, 418, 435, 468, 332, 196, 0, 53, 0, 4, 0, 0, 182, 0, 
