1, 0; 5, 682; 5, 434; 5, 418; 5, 507; 5, 453; 5, 456; 2, 105; 3, 91; 2, 0; 1, 0; 1, 0; 
1, 0; 1, 0; 5, 420; 5, 499; 5, 416; 5, 717; 5, 506; 5, 416; 2, 0; 2, 2; 1, 0; 1, 0; 
1, 0; 1, 0; 5, 434; 5, 420; 5, 457; 5, 631; 5, 447; 4, 317; 3, 0; 3, 0; 3, 0; 3, 0; 3, 0; 3, 0; 3, 0; 3, 0; 3, 0; 3, 0; 3, 0; 2, 0; 1, 0; 1, 0; 
1, 0; 1, 0; 5, 428; 5, 543; 5, 422; 5, 579; 5, 484; 5, 410; 2, 0; 2, 0; 1, 0; 1, 0; 
1, 0; 1, 0; 5, 418; 5, 418; 5, 437; 5, 650; 5, 499; 5, 418; 2, 0; 2, 0; 1, 0; 1, 0; 
1, 0; 5, 794; 5, 560; 5, 430; 5, 474; 5, 445; 5, 414; 3, 237; 3, 101; 2, 0; 1, 0; 1, 0; 
1, 0; 1, 0; 5, 420; 5, 460; 5, 488; 5, 638; 5, 475; 5, 459; 2, 0; 2, 0; 1, 0; 1, 0; 
1, 0; 1, 0; 5, 854; 5, 410; 5, 412; 5, 515; 5, 412; 5, 445; 3, 85; 2, 2; 2, 30; 1, 0; 
1, 0; 5, 716; 5, 520; 5, 430; 5, 444; 5, 482; 5, 420; 5, 435; 2, 0; 2, 0; 1, 0; 1, 0; 
1, 0; 1, 0; 5, 432; 5, 513; 5, 427; 5, 436; 5, 422; 5, 451; 2, 0; 2, 0; 1, 0; 1, 0; 1, 0; 
1, 0; 1, 0; 5, 424; 5, 501; 5, 418; 5, 583; 5, 464; 5, 422; 2, 0; 2, 0; 1, 0; 1, 0; 
1, 0; 1, 0; 5, 420; 5, 455; 5, 410; 5, 587; 5, 484; 5, 430; 2, 0; 2, 0; 1, 0; 1, 0; 1, 0; 
1, 0; 1, 0; 5, 442; 5, 474; 5, 420; 5, 445; 5, 448; 5, 418; 2, 138; 2, 0; 2, 73; 1, 0; 
1, 0; 1, 0; 5, 879; 5, 424; 5, 424; 5, 480; 5, 432; 5, 416; 2, 0; 2, 0; 2, 14; 1, 0; 
1, 0; 1, 0; 5, 775; 5, 428; 5, 544; 5, 558; 5, 535; 4, 319; 2, 0; 2, 2; 1, 0; 1, 0; 
1, 0; 1, 0; 5, 1075; 5, 422; 5, 410; 5, 532; 5, 418; 5, 414; 2, 0; 2, 0; 2, 0; 2, 0; 1, 0; 
1, 0; 1, 0; 5, 904; 5, 424; 5, 440; 5, 418; 5, 420; 5, 546; 2, 0; 2, 0; 1, 0; 1, 0; 
1, 0; 1, 0; 5, 823; 5, 416; 5, 432; 5, 462; 5, 426; 5, 507; 2, 0; 2, 0; 2, 0; 1, 0; 
1, 0; 1, 0; 5, 602; 5, 416; 5, 553; 5, 418; 5, 427; 5, 416; 2, 0; 2, 2; 1, 0; 1, 0; 
1, 0; 1, 0; 5, 410; 5, 418; 5, 410; 5, 682; 5, 507; 5, 412; 2, 0; 2, 2; 1, 0; 1, 0; 
1, 0; 1, 0; 5, 440; 5, 451; 5, 414; 5, 616; 5, 430; 5, 439; 2, 0; 2, 0; 1, 0; 1, 0; 
1, 0; 5, 767; 5, 579; 5, 424; 5, 420; 5, 523; 5, 416; 5, 413; 2, 0; 2, 0; 1, 0; 1, 0; 
1, 0; 1, 0; 5, 1019; 5, 416; 5, 420; 5, 481; 5, 453; 5, 455; 2, 0; 2, 2; 2, 0; 1, 0; 
1, 0; 1, 0; 5, 420; 5, 416; 5, 521; 5, 530; 5, 449; 5, 447; 2, 0; 2, 0; 1, 0; 1, 0; 1, 0; 
1, 0; 5, 660; 5, 426; 5, 472; 5, 418; 5, 489; 5, 434; 5, 420; 2, 0; 2, 0; 1, 0; 1, 0; 
1, 0; 1, 0; 5, 946; 5, 426; 5, 422; 5, 499; 5, 422; 5, 455; 2, 0; 2, 2; 2, 18; 1, 0; 
1, 0; 1, 0; 5, 1005; 5, 416; 5, 420; 5, 527; 5, 414; 5, 412; 2, 0; 2, 0; 2, 0; 1, 0; 
1, 0; 1, 0; 5, 952; 5, 449; 5, 416; 5, 493; 5, 423; 5, 449; 2, 0; 2, 2; 2, 2; 1, 0; 
1, 0; 1, 0; 5, 426; 5, 432; 5, 494; 5, 490; 5, 453; 5, 476; 2, 0; 2, 0; 2, 0; 2, 0; 3, 176; 1, 0; 
1, 0; 1, 0; 5, 438; 5, 517; 5, 412; 5, 617; 5, 465; 5, 414; 2, 0; 2, 0; 1, 0; 1, 0; 
1, 0; 1, 0; 5, 424; 5, 445; 5, 472; 5, 492; 5, 449; 5, 464; 2, 0; 2, 0; 1, 0; 1, 0; 1, 0; 
1, 0; 1, 0; 5, 438; 5, 516; 5, 420; 5, 494; 5, 444; 5, 455; 2, 120; 2, 0; 2, 79; 1, 0; 1, 0; 
1, 0; 1, 0; 5, 640; 5, 434; 5, 453; 5, 556; 5, 447; 5, 441; 2, 0; 2, 0; 2, 4; 1, 0; 
1, 0; 1, 0; 5, 816; 5, 424; 5, 458; 5, 465; 5, 392; 5, 460; 3, 32; 2, 0; 2, 0; 2, 0; 2, 0; 1, 0; 
1, 0; 5, 758; 5, 668; 5, 424; 5, 426; 5, 495; 5, 378; 5, 457; 2, 2; 2, 0; 1, 0; 1, 0; 
1, 0; 1, 0; 5, 428; 5, 426; 5, 405; 5, 562; 5, 443; 5, 449; 2, 2; 2, 0; 1, 0; 1, 0; 1, 0; 
1, 0; 5, 760; 5, 550; 5, 463; 5, 424; 5, 492; 5, 424; 5, 391; 2, 0; 2, 0; 1, 0; 1, 0; 
1, 0; 5, 635; 5, 469; 5, 469; 5, 420; 5, 510; 5, 451; 5, 435; 2, 0; 2, 0; 1, 0; 1, 0; 1, 0; 
1, 0; 5, 763; 5, 658; 5, 424; 5, 418; 5, 507; 5, 418; 5, 414; 2, 2; 2, 0; 2, 0; 1, 0; 1, 0; 1, 0; 
1, 0; 1, 0; 5, 428; 5, 424; 5, 471; 5, 651; 5, 480; 5, 445; 2, 0; 2, 0; 1, 0; 1, 0; 
1, 0; 1, 0; 5, 1119; 5, 420; 5, 420; 5, 502; 5, 422; 5, 451; 2, 0; 2, 0; 2, 0; 1, 0; 1, 0; 
1, 0; 1, 0; 5, 968; 5, 430; 5, 486; 5, 449; 5, 458; 5, 443; 2, 0; 2, 0; 2, 2; 1, 0; 
1, 0; 1, 0; 5, 430; 5, 494; 5, 472; 5, 505; 5, 433; 5, 428; 2, 0; 2, 0; 2, 0; 1, 0; 
1, 0; 1, 0; 5, 979; 5, 430; 5, 467; 5, 432; 5, 418; 5, 495; 2, 0; 2, 0; 2, 0; 1, 0; 
1, 0; 1, 0; 5, 422; 5, 529; 5, 406; 5, 434; 5, 444; 5, 457; 2, 192; 2, 32; 2, 0; 2, 0; 2, 2; 1, 0; 
1, 0; 5, 694; 5, 498; 5, 426; 5, 474; 5, 430; 5, 449; 4, 344; 3, 111; 2, 0; 2, 0; 1, 0; 1, 0; 
1, 0; 1, 0; 5, 606; 5, 410; 5, 519; 5, 445; 5, 410; 5, 456; 2, 0; 2, 0; 1, 0; 1, 0; 1, 0; 
1, 0; 5, 708; 5, 620; 5, 430; 5, 410; 5, 532; 5, 420; 5, 467; 2, 2; 2, 0; 2, 0; 1, 0; 1, 0; 
1, 0; 1, 0; 5, 838; 5, 424; 5, 410; 5, 503; 5, 434; 5, 466; 2, 0; 2, 0; 2, 0; 2, 0; 2, 0; 2, 0; 2, 0; 1, 0; 1, 0; 
1, 0; 1, 0; 5, 420; 5, 449; 5, 412; 5, 472; 5, 438; 5, 420; 3, 103; 2, 0; 2, 0; 2, 0; 2, 4; 1, 0; 1, 0; 
1, 0; 1, 0; 5, 442; 5, 523; 5, 422; 5, 557; 5, 486; 5, 455; 3, 107; 2, 0; 1, 0; 1, 0; 
1, 0; 5, 767; 5, 656; 5, 422; 5, 420; 5, 536; 5, 445; 5, 418; 2, 2; 2, 0; 2, 0; 2, 0; 1, 0; 1, 0; 
1, 0; 5, 798; 5, 666; 5, 416; 5, 414; 5, 513; 5, 422; 5, 445; 2, 0; 2, 0; 1, 0; 1, 0; 
1, 0; 5, 736; 5, 652; 5, 418; 5, 416; 5, 477; 5, 430; 5, 439; 3, 109; 2, 0; 2, 0; 2, 0; 1, 0; 1, 0; 
1, 0; 1, 0; 5, 955; 5, 416; 5, 422; 5, 503; 5, 422; 5, 416; 2, 174; 2, 0; 2, 0; 2, 20; 2, 0; 1, 0; 
1, 0; 5, 753; 5, 666; 5, 418; 5, 414; 5, 509; 5, 408; 5, 431; 3, 109; 2, 0; 1, 0; 1, 0; 
1, 0; 5, 764; 5, 664; 5, 420; 5, 424; 5, 501; 5, 443; 4, 319; 3, 109; 2, 0; 1, 0; 1, 0; 
1, 0; 1, 0; 5, 422; 5, 420; 5, 484; 5, 575; 5, 480; 5, 420; 2, 0; 2, 0; 1, 0; 1, 0; 
1, 0; 1, 0; 5, 414; 5, 500; 5, 420; 5, 507; 5, 465; 5, 426; 3, 105; 2, 2; 1, 0; 1, 0; 
1, 0; 1, 0; 5, 426; 5, 521; 5, 414; 5, 583; 5, 447; 5, 426; 2, 0; 2, 0; 1, 0; 1, 0; 
1, 0; 1, 0; 5, 416; 5, 523; 5, 424; 5, 472; 5, 478; 5, 439; 3, 107; 2, 0; 1, 0; 1, 0; 
1, 0; 5, 736; 5, 640; 5, 424; 5, 422; 5, 521; 5, 422; 5, 432; 2, 0; 2, 0; 2, 0; 1, 0; 1, 0; 
1, 0; 1, 0; 5, 437; 5, 496; 5, 453; 5, 490; 5, 416; 5, 443; 2, 0; 2, 0; 2, 0; 2, 0; 2, 0; 1, 0; 1, 0; 
1, 0; 5, 690; 5, 495; 5, 414; 5, 439; 5, 434; 5, 412; 5, 459; 2, 2; 2, 0; 1, 0; 1, 0; 
1, 0; 5, 702; 5, 576; 5, 414; 5, 414; 5, 470; 5, 416; 5, 480; 2, 2; 2, 0; 2, 0; 1, 0; 1, 0; 
1, 0; 1, 0; 5, 432; 5, 452; 5, 430; 5, 464; 5, 422; 5, 463; 2, 0; 2, 0; 1, 0; 1, 0; 
1, 0; 1, 0; 5, 644; 5, 420; 5, 521; 5, 488; 5, 477; 5, 416; 2, 0; 2, 0; 1, 0; 1, 0; 
1, 0; 1, 0; 5, 1088; 5, 422; 5, 424; 5, 482; 5, 436; 5, 492; 2, 0; 2, 0; 2, 0; 1, 0; 
1, 0; 1, 0; 5, 840; 5, 424; 5, 418; 5, 461; 5, 453; 5, 465; 2, 0; 2, 0; 2, 42; 1, 0; 
1, 0; 5, 794; 5, 656; 5, 420; 5, 426; 5, 422; 5, 426; 5, 493; 2, 2; 2, 0; 1, 0; 1, 0; 
1, 0; 5, 668; 5, 466; 5, 455; 5, 422; 5, 604; 5, 463; 5, 428; 2, 0; 2, 0; 1, 0; 1, 0; 
1, 0; 1, 0; 5, 431; 5, 493; 5, 418; 5, 515; 5, 457; 5, 468; 2, 2; 2, 0; 1, 0; 1, 0; 
1, 0; 1, 0; 5, 902; 5, 432; 5, 539; 5, 424; 5, 420; 5, 426; 2, 0; 2, 0; 2, 0; 1, 0; 
1, 0; 1, 0; 5, 1000; 5, 416; 5, 442; 5, 418; 5, 420; 5, 485; 2, 0; 2, 0; 2, 26; 1, 0; 
1, 0; 5, 757; 5, 546; 5, 414; 5, 422; 5, 431; 5, 414; 5, 504; 2, 2; 2, 0; 1, 0; 1, 0; 
1, 0; 5, 772; 5, 499; 5, 428; 5, 426; 5, 477; 5, 459; 5, 432; 2, 0; 2, 0; 1, 0; 1, 0; 
1, 0; 1, 0; 5, 434; 5, 428; 5, 418; 5, 507; 5, 424; 5, 453; 2, 2; 2, 0; 1, 0; 1, 0; 
1, 0; 1, 0; 5, 655; 5, 414; 5, 528; 5, 471; 5, 469; 5, 440; 2, 0; 2, 0; 2, 4; 1, 0; 
1, 0; 1, 0; 5, 1070; 5, 416; 5, 464; 5, 422; 5, 414; 5, 486; 2, 0; 2, 0; 2, 16; 1, 0; 
1, 0; 5, 763; 5, 571; 5, 416; 5, 433; 5, 463; 5, 426; 5, 474; 2, 2; 2, 0; 1, 0; 1, 0; 
1, 0; 5, 732; 5, 608; 5, 424; 5, 422; 5, 525; 5, 426; 5, 483; 2, 0; 2, 0; 1, 0; 1, 0; 
1, 0; 1, 0; 5, 424; 5, 495; 5, 418; 5, 558; 5, 476; 5, 420; 2, 0; 2, 0; 1, 0; 1, 0; 
1, 0; 1, 0; 5, 623; 5, 426; 5, 519; 5, 582; 5, 515; 5, 420; 2, 0; 2, 0; 1, 0; 1, 0; 
1, 0; 1, 0; 5, 1042; 5, 420; 5, 428; 5, 459; 5, 424; 5, 451; 2, 0; 2, 0; 2, 0; 1, 0; 
1, 0; 5, 737; 5, 436; 5, 426; 5, 500; 5, 424; 5, 447; 3, 261; 2, 2; 2, 0; 1, 0; 1, 0; 
1, 0; 5, 779; 5, 650; 5, 426; 5, 418; 5, 461; 5, 453; 5, 484; 3, 109; 2, 0; 1, 0; 1, 0; 
1, 0; 5, 739; 5, 660; 5, 410; 5, 418; 5, 477; 5, 420; 5, 493; 2, 0; 2, 0; 1, 0; 1, 0; 
1, 0; 5, 750; 5, 536; 5, 414; 5, 412; 5, 505; 5, 434; 5, 420; 3, 107; 2, 0; 1, 0; 1, 0; 
