0, 819, 815, 821, 1062, 1151, 837, 833, 1044, 1058, 575, 134, 2, 0, 
0, 819, 839, 829, 1054, 1158, 823, 823, 943, 1123, 794, 132, 0, 0, 
2, 821, 815, 823, 1060, 1073, 825, 832, 1040, 1129, 673, 132, 0, 0, 
0, 831, 827, 833, 933, 1159, 837, 835, 829, 1125, 829, 134, 2, 0, 
2, 831, 829, 835, 1098, 1042, 827, 835, 1097, 1012, 557, 134, 0, 0, 
0, 833, 832, 829, 1035, 1131, 835, 817, 1040, 1062, 664, 134, 0, 0, 
0, 819, 827, 831, 1025, 1099, 831, 837, 1023, 1089, 709, 160, 0, 0, 
0, 829, 825, 827, 1008, 1111, 819, 827, 983, 1066, 722, 134, 0, 0, 
0, 809, 825, 820, 1065, 1065, 829, 819, 1034, 1010, 523, 134, 0, 0, 
0, 830, 833, 840, 1024, 1076, 842, 821, 961, 1110, 793, 134, 4, 0, 
0, 836, 827, 841, 1052, 1095, 837, 837, 969, 1118, 787, 134, 0, 0, 
0, 833, 825, 833, 1071, 1093, 837, 833, 1097, 1000, 549, 134, 0, 0, 
0, 827, 815, 831, 1080, 1070, 837, 819, 1129, 1087, 626, 168, 18, 0, 
0, 819, 835, 831, 1073, 1124, 815, 815, 1023, 1114, 778, 170, 0, 0, 
0, 821, 827, 831, 1008, 1120, 819, 833, 1009, 1097, 750, 132, 2, 0, 
2, 831, 815, 831, 1091, 1067, 819, 827, 1107, 1062, 661, 132, 0, 0, 
0, 815, 827, 825, 1075, 1072, 827, 827, 1044, 1074, 701, 136, 0, 0, 
0, 813, 821, 833, 1101, 1094, 819, 831, 1097, 996, 567, 124, 0, 0, 
0, 812, 817, 825, 1018, 1098, 823, 817, 1022, 1105, 714, 132, 0, 0, 
0, 813, 822, 829, 943, 1088, 827, 823, 877, 1131, 823, 178, 2, 0, 
0, 823, 829, 829, 1062, 1105, 837, 837, 1028, 1089, 726, 148, 0, 0, 
0, 831, 839, 835, 1056, 1023, 831, 827, 1095, 1013, 616, 152, 0, 0, 
0, 832, 841, 823, 1048, 1034, 827, 847, 1075, 1062, 658, 120, 0, 0, 
0, 833, 831, 837, 1041, 1140, 835, 829, 958, 1143, 798, 134, 0, 0, 
0, 821, 815, 815, 1081, 1052, 831, 843, 1089, 996, 492, 136, 0, 0, 
0, 815, 815, 827, 1062, 1046, 839, 821, 1050, 1056, 695, 132, 0, 0, 
2, 831, 829, 823, 1073, 1028, 827, 837, 1086, 950, 604, 166, 2, 0, 
0, 823, 819, 820, 1079, 1089, 833, 843, 1094, 1070, 655, 134, 0, 0, 
0, 825, 841, 833, 1058, 1111, 833, 829, 1011, 1084, 695, 134, 0, 0, 
2, 833, 835, 821, 1060, 1149, 838, 815, 1028, 1048, 714, 136, 0, 0, 
0, 822, 827, 835, 1096, 1041, 831, 841, 1103, 1086, 604, 132, 2, 0, 
0, 835, 825, 841, 1100, 1145, 831, 837, 1096, 964, 606, 123, 2, 0, 
0, 825, 817, 823, 1084, 1066, 827, 837, 1080, 1003, 594, 136, 0, 0, 
0, 827, 823, 823, 1052, 1116, 835, 837, 977, 1093, 778, 178, 0, 0, 
0, 830, 829, 825, 1077, 1109, 817, 827, 1080, 1104, 709, 132, 0, 0, 
0, 817, 829, 820, 1064, 1084, 837, 837, 1072, 1101, 748, 162, 0, 0, 
2, 823, 825, 839, 1109, 1092, 833, 839, 1056, 1033, 661, 136, 0, 0, 
0, 835, 829, 839, 1070, 1113, 839, 833, 993, 1096, 787, 134, 0, 0, 
0, 831, 833, 821, 1101, 1125, 845, 819, 1024, 1067, 762, 134, 0, 0, 
0, 829, 815, 822, 1044, 1106, 845, 837, 999, 1076, 699, 130, 0, 0, 
2, 825, 824, 821, 1059, 1091, 833, 824, 1062, 1080, 699, 162, 0, 0, 
0, 831, 830, 835, 1100, 1054, 827, 839, 1032, 1017, 691, 166, 0, 0, 
0, 819, 821, 825, 1060, 1090, 831, 835, 1089, 1103, 628, 164, 0, 2, 
0, 819, 839, 835, 1090, 1077, 809, 831, 1052, 1141, 705, 123, 0, 0, 
0, 815, 817, 839, 1077, 1100, 837, 833, 1044, 1087, 669, 132, 0, 0, 
0, 819, 822, 821, 1048, 1107, 849, 837, 1035, 1109, 687, 132, 0, 0, 
2, 829, 829, 829, 1020, 1115, 827, 845, 1038, 1149, 736, 164, 0, 2, 
0, 809, 829, 831, 1089, 1127, 835, 838, 1064, 1101, 565, 166, 0, 2, 
0, 829, 835, 835, 1076, 1120, 825, 837, 1092, 961, 431, 158, 0, 0, 
0, 807, 817, 823, 1095, 1151, 821, 831, 1048, 1076, 717, 134, 0, 0, 
