0, 1052, 1040, 1056, 1054, 1168, 1092, 1046, 1054, 1122, 1173, 1062, 527, 134, 0, 0, 
0, 1053, 1056, 1058, 1062, 1153, 1054, 1059, 1054, 1175, 1171, 1068, 249, 144, 0, 0, 
0, 1054, 1059, 1050, 1050, 1155, 1051, 1040, 1046, 1166, 1163, 1037, 2, 0, 0, 0, 
0, 1049, 1055, 1051, 1052, 1159, 1048, 1032, 1050, 1177, 1149, 1033, 168, 125, 0, 0, 
2, 1041, 1040, 1046, 1048, 1161, 1050, 1056, 1060, 1150, 1155, 1056, 348, 132, 0, 0, 2, 0, 
0, 1003, 1044, 1060, 1052, 1155, 1052, 1056, 1048, 1147, 1164, 1056, 460, 132, 0, 0, 
0, 1064, 1056, 1014, 1066, 1163, 1044, 1040, 1044, 1123, 1159, 1039, 454, 176, 0, 0, 
0, 1056, 1062, 1058, 1044, 1175, 1064, 1034, 1070, 1159, 1179, 1052, 259, 113, 0, 0, 
0, 1042, 1066, 1064, 1068, 1162, 1062, 1054, 1048, 1129, 1143, 1058, 561, 174, 0, 0, 0, 2, 
0, 1056, 1055, 1036, 1044, 1170, 1048, 1038, 1049, 1165, 1155, 1040, 330, 107, 0, 0, 
0, 1046, 1038, 1040, 1047, 1165, 1047, 1046, 1046, 1162, 1123, 1011, 132, 28, 0, 0, 0, 2, 
0, 1054, 1039, 1054, 1054, 1154, 1054, 1048, 1046, 1133, 1159, 1054, 130, 114, 0, 0, 
0, 1048, 1048, 1062, 1066, 1165, 1040, 1059, 1052, 1143, 1157, 1056, 132, 32, 0, 0, 
0, 1044, 1050, 1050, 1058, 1149, 1037, 1041, 1056, 1160, 1155, 983, 132, 91, 0, 2, 0, 2, 
0, 1032, 1053, 1056, 1068, 1159, 1042, 1060, 1058, 1155, 1148, 1064, 245, 140, 0, 0, 
0, 1054, 1058, 1048, 1056, 1184, 1064, 1059, 1051, 1171, 1169, 1074, 196, 116, 0, 0, 
0, 1060, 1052, 1037, 1052, 1183, 1060, 1052, 1058, 1150, 1163, 1058, 132, 128, 0, 0, 
0, 1067, 1062, 1032, 1054, 1131, 1031, 1050, 1058, 1150, 1159, 1048, 174, 117, 0, 0, 
0, 1056, 1056, 1046, 1066, 1181, 1072, 1062, 1056, 1167, 1164, 1048, 209, 126, 0, 0, 0, 0, 
0, 1058, 1033, 1052, 1059, 1183, 1050, 1064, 1048, 1161, 1171, 1058, 223, 113, 0, 0, 0, 0, 
0, 1060, 1053, 1061, 1042, 1174, 1052, 1053, 1045, 1154, 1173, 1039, 298, 115, 0, 0, 0, 0, 
0, 1043, 1044, 1044, 1045, 1159, 1054, 1062, 1066, 1163, 1157, 1060, 312, 134, 0, 0, 
0, 1058, 1039, 1052, 1053, 1136, 1052, 1048, 1047, 1151, 1171, 1045, 272, 130, 0, 0, 
0, 1052, 1054, 1058, 1070, 1179, 1058, 1048, 1060, 1175, 1167, 1058, 130, 71, 0, 0, 
0, 1062, 1048, 1052, 1050, 1167, 1058, 1040, 1054, 1159, 1175, 1046, 164, 128, 0, 0, 
0, 1059, 1054, 1058, 1046, 1138, 1049, 1042, 1052, 1163, 1155, 1054, 316, 140, 0, 0, 
0, 1044, 1054, 1048, 1060, 1141, 1054, 1066, 1054, 1182, 1156, 1035, 176, 123, 0, 0, 
0, 1052, 1060, 1046, 1060, 1153, 1054, 1064, 1050, 1098, 1160, 1065, 239, 122, 0, 0, 
0, 1067, 1058, 1046, 1044, 1155, 1066, 1034, 1054, 1151, 1170, 1040, 107, 0, 0, 0, 
0, 1050, 1046, 1046, 1060, 1179, 1054, 1052, 1050, 1179, 1163, 1032, 2, 0, 0, 0, 0, 0, 
0, 1060, 1064, 1054, 1049, 1170, 1050, 1048, 1064, 1160, 1141, 992, 0, 0, 10, 0, 
0, 1034, 1066, 1052, 1050, 1155, 1060, 1068, 1056, 1182, 1161, 1048, 91, 0, 0, 0, 
2, 1042, 1060, 1060, 1052, 1158, 1052, 1038, 1046, 1125, 1162, 1048, 415, 0, 0, 0, 
0, 1054, 1036, 1050, 1058, 1160, 1062, 1062, 1052, 1127, 1160, 1060, 397, 0, 2, 0, 
0, 1060, 1054, 1050, 1060, 1159, 1054, 1054, 1062, 1158, 1155, 1066, 132, 123, 0, 0, 
0, 1062, 1053, 1048, 1052, 1182, 1058, 1046, 1052, 1159, 1158, 1056, 294, 180, 0, 0, 
0, 1052, 1044, 1036, 1042, 1161, 986, 1058, 1052, 1168, 1164, 1065, 172, 61, 0, 0, 0, 0, 
0, 1056, 1063, 1055, 1040, 1147, 1075, 1060, 1062, 1168, 1153, 1074, 8, 0, 0, 0, 
0, 1044, 1060, 1068, 1050, 1140, 1033, 1042, 1042, 1133, 1149, 1054, 296, 194, 0, 0, 
0, 1030, 1054, 1059, 1054, 1161, 1050, 1034, 1070, 1168, 1172, 1058, 152, 0, 0, 0, 
0, 1052, 1028, 1048, 1042, 1160, 1054, 1056, 1046, 1160, 1142, 1058, 168, 107, 0, 0, 
0, 1048, 1069, 1030, 1058, 1156, 1068, 1036, 1058, 1107, 1132, 1062, 817, 0, 2, 0, 
0, 1052, 1051, 1052, 1055, 1158, 1043, 1052, 1072, 1167, 1166, 1050, 134, 113, 0, 0, 0, 0, 
0, 1050, 1056, 1064, 1050, 1166, 1064, 1056, 1048, 1157, 1160, 1064, 132, 43, 0, 0, 0, 0, 
0, 1056, 1054, 1049, 1051, 1153, 1038, 1052, 1052, 1158, 1169, 1062, 186, 128, 0, 0, 
0, 1050, 1067, 1036, 1054, 1155, 1052, 1052, 1060, 1166, 1168, 1054, 136, 115, 0, 2, 0, 0, 
0, 1048, 1059, 1062, 1054, 1168, 1048, 1032, 1060, 1164, 1162, 1046, 130, 111, 0, 0, 
0, 1062, 1048, 1052, 1036, 1154, 1020, 1030, 1048, 1145, 1161, 1056, 134, 144, 0, 0, 
0, 1055, 1065, 1056, 1050, 1148, 1034, 1058, 1061, 1131, 1158, 1064, 379, 126, 0, 0, 
0, 1069, 1058, 1040, 1068, 1176, 1058, 1040, 1058, 1184, 1172, 1048, 132, 26, 0, 0, 
