0, 573, 573, 574, 810, 569, 568, 565, 908, 561, 0, 2, 0, 0, 0, 0, 
0, 541, 565, 566, 830, 557, 553, 551, 868, 555, 103, 2, 0, 0, 0, 0, 
2, 555, 545, 565, 861, 567, 569, 559, 914, 565, 59, 0, 0, 0, 2, 0, 
0, 553, 561, 563, 932, 571, 570, 565, 902, 565, 0, 0, 0, 0, 0, 0, 
0, 1026, 1036, 1056, 1062, 1179, 1032, 1048, 1039, 1150, 1147, 974, 4, 0, 
0, 1051, 1040, 1054, 1048, 1174, 1044, 1052, 1056, 1153, 1180, 1018, 132, 130, 0, 0, 
0, 567, 567, 547, 890, 541, 565, 561, 816, 575, 43, 0, 0, 0, 0, 0, 
0, 1047, 1049, 1046, 1068, 1163, 1058, 1066, 1054, 1161, 1119, 932, 2, 0, 
0, 566, 566, 563, 878, 563, 565, 566, 801, 567, 113, 0, 0, 0, 2, 0, 
0, 567, 567, 570, 918, 563, 545, 557, 849, 567, 69, 0, 0, 0, 2, 0, 
0, 561, 561, 563, 922, 563, 582, 583, 845, 573, 69, 0, 0, 0, 0, 0, 
0, 515, 557, 555, 904, 572, 567, 569, 865, 571, 36, 0, 0, 0, 0, 0, 
0, 555, 555, 557, 845, 565, 561, 563, 898, 569, 34, 0, 0, 0, 0, 0, 
0, 537, 565, 567, 892, 547, 565, 559, 872, 555, 0, 0, 0, 0, 0, 0, 
0, 559, 543, 559, 905, 566, 561, 559, 849, 567, 34, 0, 0, 0, 0, 0, 
0, 573, 559, 557, 896, 553, 561, 559, 845, 581, 53, 0, 0, 0, 0, 0, 
0, 563, 566, 569, 952, 568, 565, 565, 876, 557, 0, 0, 0, 0, 0, 0, 
0, 565, 561, 557, 977, 565, 569, 571, 888, 575, 0, 2, 0, 0, 0, 0, 
0, 563, 561, 551, 979, 563, 561, 557, 888, 563, 0, 0, 0, 0, 2, 0, 
0, 561, 565, 567, 874, 559, 559, 559, 945, 569, 45, 0, 0, 0, 0, 0, 
0, 553, 565, 563, 932, 539, 559, 557, 861, 563, 2, 0, 0, 0, 0, 0, 
0, 557, 555, 565, 965, 569, 569, 569, 995, 569, 0, 0, 0, 0, 0, 0, 
0, 568, 567, 567, 934, 573, 566, 569, 928, 561, 26, 0, 0, 0, 0, 2, 
0, 553, 561, 563, 910, 564, 567, 559, 760, 561, 14, 2, 0, 0, 2, 0, 
0, 553, 557, 557, 902, 565, 567, 567, 847, 571, 4, 0, 0, 0, 0, 0, 
0, 562, 561, 555, 892, 563, 565, 567, 837, 565, 0, 0, 2, 0, 0, 0, 
0, 559, 549, 563, 926, 573, 545, 565, 867, 569, 8, 0, 0, 0, 0, 0, 
0, 547, 557, 547, 921, 561, 565, 573, 981, 573, 22, 0, 0, 0, 0, 0, 
0, 565, 551, 567, 900, 573, 557, 575, 922, 574, 83, 0, 0, 0, 0, 0, 
0, 561, 557, 565, 871, 551, 567, 569, 764, 566, 32, 0, 0, 0, 0, 0, 
0, 557, 555, 569, 904, 571, 568, 567, 875, 559, 81, 0, 0, 0, 0, 0, 
0, 565, 567, 565, 940, 557, 557, 569, 973, 559, 2, 0, 0, 0, 0, 0, 
0, 563, 565, 555, 867, 561, 553, 565, 831, 571, 14, 0, 0, 0, 0, 0, 
0, 565, 553, 563, 906, 559, 567, 565, 914, 557, 18, 0, 2, 0, 0, 0, 
0, 549, 563, 561, 962, 551, 567, 547, 930, 565, 0, 0, 0, 0, 0, 0, 
0, 566, 555, 567, 932, 570, 547, 569, 967, 575, 0, 0, 0, 0, 0, 0, 
0, 563, 563, 563, 841, 571, 573, 573, 802, 573, 40, 0, 0, 0, 0, 0, 
0, 559, 541, 557, 869, 563, 563, 569, 881, 551, 148, 0, 0, 0, 0, 0, 
0, 562, 557, 567, 885, 572, 569, 563, 851, 565, 34, 0, 0, 0, 2, 0, 
0, 557, 557, 565, 883, 565, 569, 571, 889, 569, 63, 0, 0, 0, 2, 0, 
0, 556, 547, 561, 957, 565, 567, 567, 889, 551, 0, 2, 0, 0, 0, 0, 
0, 565, 563, 561, 894, 563, 565, 567, 853, 567, 47, 0, 0, 0, 0, 0, 
0, 577, 547, 557, 685, 561, 566, 567, 883, 561, 124, 0, 0, 0, 0, 0, 
0, 563, 565, 561, 855, 567, 582, 549, 823, 569, 0, 0, 0, 0, 0, 0, 
0, 555, 563, 565, 926, 571, 563, 563, 898, 565, 28, 0, 0, 0, 0, 0, 
0, 573, 566, 569, 983, 571, 545, 563, 960, 575, 0, 0, 0, 0, 0, 0, 
0, 551, 563, 549, 931, 557, 557, 561, 864, 549, 0, 2, 0, 0, 0, 0, 
0, 506, 551, 555, 956, 586, 567, 570, 1011, 559, 0, 0, 0, 0, 0, 0, 
0, 567, 564, 567, 958, 573, 577, 541, 989, 571, 0, 0, 0, 0, 0, 0, 
0, 577, 577, 577, 906, 568, 561, 565, 987, 563, 0, 2, 0, 0, 0, 0, 
