0, 
0, 
0, 154, 138, 136, 241, 136, 132, 134, 136, 117, 0, 0, 
0, 150, 154, 136, 231, 152, 134, 134, 152, 136, 0, 0, 
0, 132, 150, 148, 237, 154, 134, 132, 152, 136, 0, 0, 
0, 134, 134, 152, 249, 136, 154, 150, 138, 154, 0, 0, 
0, 132, 134, 152, 237, 134, 156, 138, 136, 152, 0, 0, 
0, 134, 136, 134, 255, 138, 156, 152, 136, 154, 0, 0, 
0, 130, 132, 132, 253, 136, 150, 152, 138, 146, 0, 0, 
0, 134, 136, 136, 237, 140, 140, 156, 134, 136, 2, 0, 
0, 132, 134, 134, 239, 136, 138, 136, 136, 138, 0, 0, 
0, 134, 138, 134, 235, 138, 138, 136, 138, 138, 0, 2, 
0, 136, 134, 136, 239, 138, 136, 136, 136, 138, 0, 0, 
2, 132, 136, 134, 239, 138, 138, 136, 138, 138, 0, 0, 
0, 132, 130, 134, 239, 136, 136, 138, 136, 136, 0, 0, 
0, 152, 134, 138, 239, 136, 136, 136, 134, 136, 0, 0, 
0, 150, 134, 136, 239, 138, 138, 138, 134, 138, 2, 0, 
0, 152, 150, 132, 231, 152, 135, 132, 136, 134, 0, 0, 
0, 132, 152, 154, 239, 154, 150, 138, 156, 152, 0, 0, 
0, 132, 132, 152, 233, 134, 154, 156, 140, 156, 0, 0, 
0, 134, 136, 154, 251, 134, 156, 154, 136, 152, 0, 0, 
0, 132, 130, 150, 259, 134, 152, 134, 134, 152, 0, 0, 
0, 136, 132, 136, 255, 138, 136, 154, 138, 136, 0, 0, 
0, 132, 136, 132, 253, 138, 138, 152, 136, 138, 0, 0, 
0, 132, 132, 134, 237, 136, 138, 136, 136, 138, 0, 2, 
0, 134, 136, 136, 237, 134, 136, 138, 136, 136, 0, 0, 
0, 136, 136, 136, 249, 136, 136, 138, 138, 121, 0, 0, 
0, 132, 132, 134, 241, 138, 136, 138, 138, 136, 0, 0, 
0, 130, 134, 136, 239, 136, 138, 138, 136, 138, 0, 0, 
0, 132, 132, 138, 233, 138, 138, 138, 136, 138, 2, 0, 
0, 152, 136, 136, 235, 138, 138, 136, 138, 136, 0, 0, 
0, 154, 154, 138, 239, 154, 136, 138, 154, 140, 0, 0, 
0, 134, 156, 156, 239, 158, 140, 134, 152, 138, 0, 0, 
0, 134, 154, 156, 235, 152, 154, 138, 154, 138, 0, 0, 
0, 134, 134, 152, 251, 138, 156, 138, 156, 138, 0, 0, 
0, 134, 136, 152, 249, 136, 138, 154, 140, 134, 2, 0, 
2, 134, 136, 138, 249, 138, 138, 154, 136, 156, 0, 0, 
0, 134, 136, 138, 251, 138, 138, 156, 138, 136, 0, 2, 
0, 132, 136, 136, 237, 138, 140, 156, 136, 136, 0, 2, 
0, 132, 132, 134, 239, 138, 138, 136, 138, 138, 0, 0, 
0, 132, 134, 138, 239, 138, 138, 134, 134, 134, 0, 0, 
0, 134, 136, 138, 241, 138, 136, 138, 140, 136, 0, 0, 
2, 132, 134, 132, 237, 134, 134, 134, 134, 126, 0, 0, 
0, 130, 134, 138, 239, 136, 138, 136, 134, 138, 0, 0, 
0, 152, 136, 138, 235, 134, 138, 140, 136, 138, 0, 0, 
0, 150, 134, 136, 237, 138, 136, 136, 138, 138, 0, 0, 
0, 150, 148, 132, 237, 152, 132, 134, 136, 132, 0, 0, 
0, 134, 154, 134, 233, 154, 134, 134, 134, 124, 0, 0, 
0, 132, 150, 150, 237, 156, 154, 134, 156, 140, 0, 0, 
0, 134, 136, 152, 247, 134, 152, 136, 136, 152, 0, 0, 
0, 134, 136, 154, 253, 134, 152, 134, 152, 124, 0, 0, 
0, 136, 136, 138, 257, 136, 152, 152, 136, 146, 0, 0, 
