11.8, 
11.8, 
13.3, 13.3, 13.3, 13.3, 13.3, 13.3, 13.3, 13.3, 13.3, 13.3, 13.3, 13.3, 
13.3, 13.3, 13.3, 13.3, 13.3, 13.3, 13.3, 13.3, 13.3, 13.3, 13.3, 13.3, 
13.3, 13.3, 13.3, 13.3, 13.3, 13.3, 13.3, 13.3, 13.3, 13.3, 13.3, 13.3, 
13.3, 13.3, 13.3, 13.3, 13.3, 13.3, 13.3, 13.3, 13.3, 13.3, 13.3, 13.3, 
13.3, 13.3, 13.3, 13.3, 13.3, 13.3, 13.3, 13.3, 13.3, 13.3, 13.3, 13.3, 
13.3, 13.3, 13.3, 13.3, 13.3, 13.3, 13.3, 13.3, 13.3, 13.3, 13.3, 13.3, 
13.3, 13.3, 13.3, 13.3, 13.3, 13.3, 13.3, 13.3, 13.3, 13.3, 13.3, 13.3, 
13.3, 13.3, 13.3, 13.3, 13.3, 13.3, 13.3, 13.3, 13.3, 13.3, 13.3, 13.3, 
13.3, 13.3, 13.3, 13.3, 13.3, 13.3, 13.3, 13.3, 13.3, 13.3, 13.3, 13.3, 
13.3, 13.3, 13.3, 13.3, 13.3, 13.3, 13.3, 13.3, 13.3, 13.3, 13.3, 13.3, 
13.3, 13.3, 13.3, 13.3, 13.3, 13.3, 13.3, 13.3, 13.3, 13.3, 13.3, 13.3, 
13.3, 13.3, 13.3, 13.3, 13.3, 13.3, 13.3, 13.3, 13.3, 13.3, 13.3, 13.3, 
13.3, 13.3, 13.3, 13.3, 13.3, 13.4, 13.4, 13.4, 13.4, 13.4, 13.4, 13.4, 
13.3, 13.3, 13.3, 13.3, 13.3, 13.3, 13.3, 13.3, 13.3, 13.3, 13.3, 13.3, 
13.3, 13.3, 13.3, 13.3, 13.3, 13.4, 13.4, 13.4, 13.4, 13.4, 13.4, 13.4, 
13.4, 13.4, 13.3, 13.3, 13.3, 13.4, 13.4, 13.4, 13.4, 13.4, 13.4, 13.4, 
13.3, 13.3, 13.3, 13.3, 13.3, 13.4, 13.4, 13.4, 13.4, 13.4, 13.4, 13.4, 
13.3, 13.4, 13.4, 13.4, 13.4, 13.4, 13.4, 13.4, 13.4, 13.4, 13.4, 13.4, 
13.4, 13.4, 13.4, 13.4, 13.4, 13.4, 13.4, 13.4, 13.4, 13.4, 13.4, 13.4, 
13.4, 13.4, 13.4, 13.4, 13.4, 13.4, 13.4, 13.4, 13.4, 13.4, 13.4, 13.4, 
13.4, 13.4, 13.4, 13.4, 13.4, 13.4, 13.4, 13.4, 13.4, 13.4, 13.4, 13.4, 
13.4, 13.4, 13.4, 13.4, 13.4, 13.4, 13.4, 13.4, 13.4, 13.4, 13.4, 13.4, 
13.4, 13.4, 13.4, 13.4, 13.4, 13.4, 13.4, 13.4, 13.4, 13.4, 13.4, 13.4, 
13.4, 13.4, 13.4, 13.4, 13.4, 13.4, 13.4, 13.4, 13.4, 13.4, 13.4, 13.4, 
13.4, 13.4, 13.4, 13.4, 13.4, 13.4, 13.4, 13.4, 13.4, 13.4, 13.4, 13.4, 
13.4, 13.4, 13.4, 13.4, 13.4, 13.4, 13.4, 13.4, 13.4, 13.4, 13.4, 13.4, 
13.4, 13.4, 13.4, 13.4, 13.4, 13.4, 13.4, 13.4, 13.4, 13.4, 13.4, 13.4, 
13.4, 13.4, 13.4, 13.4, 13.4, 13.4, 13.4, 13.4, 13.4, 13.4, 13.4, 13.4, 
13.4, 13.4, 13.4, 13.4, 13.4, 13.4, 13.4, 13.4, 13.4, 13.4, 13.4, 13.4, 
13.4, 13.4, 13.4, 13.4, 13.4, 13.4, 13.4, 13.4, 13.4, 13.4, 13.4, 13.4, 
13.4, 13.4, 13.4, 13.4, 13.4, 13.4, 13.4, 13.4, 13.4, 13.4, 13.4, 13.4, 
13.4, 13.4, 13.4, 13.4, 13.4, 13.4, 13.4, 13.4, 13.4, 13.4, 13.4, 13.4, 
13.4, 13.4, 13.4, 13.4, 13.4, 13.4, 13.4, 13.4, 13.4, 13.4, 13.4, 13.4, 
13.4, 13.4, 13.4, 13.4, 13.4, 13.4, 13.4, 13.4, 13.4, 13.4, 13.4, 13.4, 
13.4, 13.4, 13.4, 13.4, 13.4, 13.4, 13.4, 13.4, 13.4, 13.4, 13.4, 13.4, 
13.4, 13.4, 13.4, 13.4, 13.4, 13.4, 13.4, 13.4, 13.4, 13.4, 13.4, 13.4, 
13.4, 13.4, 13.4, 13.4, 13.4, 13.4, 13.4, 13.4, 13.4, 13.4, 13.4, 13.4, 
13.4, 13.4, 13.4, 13.4, 13.4, 13.4, 13.4, 13.4, 13.4, 13.4, 13.4, 13.4, 
13.4, 13.4, 13.4, 13.4, 13.4, 13.4, 13.4, 13.4, 13.4, 13.4, 13.4, 13.4, 
13.4, 13.4, 13.4, 13.4, 13.4, 13.4, 13.4, 13.4, 13.4, 13.4, 13.4, 13.4, 
13.4, 13.4, 13.4, 13.4, 13.4, 13.4, 13.4, 13.4, 13.4, 13.4, 13.4, 13.4, 
13.4, 13.4, 13.4, 13.4, 13.4, 13.4, 13.4, 13.4, 13.4, 13.4, 13.4, 13.4, 
13.4, 13.4, 13.4, 13.4, 13.4, 13.4, 13.4, 13.4, 13.4, 13.4, 13.4, 13.4, 
13.4, 13.4, 13.4, 13.4, 13.4, 13.4, 13.4, 13.4, 13.4, 13.4, 13.4, 13.4, 
13.4, 13.4, 13.4, 13.4, 13.4, 13.4, 13.4, 13.4, 13.4, 13.4, 13.4, 13.4, 
13.4, 13.4, 13.4, 13.4, 13.4, 13.4, 13.4, 13.4, 13.4, 13.4, 13.4, 13.4, 
13.4, 13.4, 13.4, 13.4, 13.4, 13.4, 13.4, 13.4, 13.4, 13.4, 13.4, 13.4, 
13.4, 13.4, 13.4, 13.4, 13.4, 13.4, 13.4, 13.4, 13.4, 13.4, 13.4, 13.4, 
13.4, 13.4, 13.4, 13.4, 13.4, 13.4, 13.4, 13.4, 13.4, 13.4, 13.4, 13.4, 
13.4, 13.4, 13.4, 13.4, 13.4, 13.4, 13.4, 13.4, 13.4, 13.4, 13.4, 13.4, 
