0, 0, 0, 146, 275, 182, 107, 55, 99, 107, 101, 101, 101, 105, 101, 81, 125, 0, 2, 0, 0, 0, 0, 0, 0, 
0, 0, 0, 162, 101, 103, 109, 105, 111, 144, 148, 134, 101, 99, 107, 101, 101, 0, 0, 16, 0, 0, 0, 0, 
0, 0, 0, 275, 101, 101, 97, 107, 132, 138, 113, 99, 99, 103, 107, 101, 123, 164, 0, 16, 0, 0, 0, 0, 0, 
0, 0, 0, 101, 245, 140, 105, 95, 87, 99, 101, 103, 89, 99, 51, 99, 89, 59, 109, 0, 0, 83, 0, 0, 0, 0, 0, 
0, 0, 0, 188, 101, 101, 101, 113, 131, 146, 113, 99, 101, 99, 107, 101, 103, 0, 0, 16, 2, 0, 0, 176, 0, 
0, 0, 0, 235, 101, 99, 101, 105, 130, 144, 123, 101, 101, 101, 107, 99, 235, 0, 24, 0, 2, 0, 0, 0, 0, 
0, 0, 0, 287, 103, 101, 95, 137, 0, 103, 30, 99, 99, 129, 129, 99, 101, 2, 0, 0, 0, 0, 0, 0, 
0, 0, 0, 279, 105, 152, 131, 133, 105, 99, 101, 101, 99, 105, 99, 105, 140, 0, 0, 0, 0, 0, 0, 0, 
0, 0, 0, 103, 99, 101, 105, 101, 99, 101, 101, 101, 105, 129, 134, 132, 101, 2, 0, 0, 0, 0, 0, 0, 0, 
0, 0, 0, 99, 107, 107, 107, 107, 134, 137, 101, 101, 101, 101, 101, 283, 0, 32, 0, 10, 0, 0, 0, 0, 0, 0, 
0, 0, 0, 293, 105, 99, 105, 138, 138, 127, 101, 99, 101, 101, 105, 99, 101, 2, 0, 0, 0, 0, 0, 0, 0, 
0, 0, 0, 194, 178, 188, 129, 105, 101, 105, 105, 203, 99, 101, 119, 135, 137, 43, 0, 24, 0, 0, 0, 0, 
0, 0, 0, 107, 101, 101, 99, 99, 107, 103, 142, 137, 113, 103, 105, 101, 0, 0, 2, 71, 0, 0, 0, 0, 
0, 0, 0, 109, 107, 99, 99, 101, 105, 105, 135, 141, 135, 107, 101, 109, 0, 0, 0, 69, 0, 0, 0, 0, 
0, 0, 0, 164, 289, 164, 130, 131, 111, 105, 101, 101, 103, 103, 101, 99, 105, 2, 0, 0, 0, 0, 0, 0, 0, 
0, 0, 0, 192, 99, 103, 107, 107, 99, 136, 146, 148, 99, 101, 105, 99, 269, 0, 34, 0, 2, 0, 0, 0, 0, 
0, 0, 0, 284, 107, 122, 128, 130, 105, 105, 99, 160, 103, 107, 107, 130, 109, 2, 0, 2, 0, 0, 0, 0, 0, 
0, 0, 316, 99, 101, 105, 99, 101, 109, 129, 131, 129, 109, 103, 99, 105, 277, 0, 32, 0, 0, 0, 0, 0, 
0, 0, 180, 99, 103, 109, 107, 129, 140, 99, 99, 101, 101, 103, 103, 119, 0, 0, 0, 0, 0, 0, 0, 0, 
0, 0, 0, 133, 255, 101, 107, 101, 101, 109, 105, 224, 105, 99, 99, 113, 139, 0, 0, 0, 75, 0, 0, 0, 
0, 0, 200, 99, 103, 99, 127, 135, 134, 119, 101, 99, 101, 105, 101, 107, 0, 0, 18, 0, 0, 0, 0, 0, 
0, 0, 0, 101, 105, 107, 105, 111, 139, 125, 101, 101, 99, 105, 101, 103, 0, 16, 0, 0, 0, 0, 0, 0, 
0, 0, 0, 107, 103, 99, 103, 99, 105, 107, 123, 146, 107, 107, 99, 105, 0, 0, 0, 0, 0, 0, 0, 0, 
0, 0, 0, 99, 130, 99, 107, 103, 101, 99, 107, 237, 101, 99, 132, 129, 117, 0, 0, 79, 0, 0, 0, 0, 
0, 0, 227, 101, 99, 107, 101, 107, 101, 101, 99, 109, 129, 130, 134, 144, 123, 101, 16, 0, 6, 0, 0, 0, 0, 
0, 0, 304, 101, 103, 101, 99, 105, 101, 99, 105, 99, 119, 101, 103, 103, 261, 101, 16, 0, 4, 0, 0, 0, 0, 
0, 0, 0, 107, 101, 101, 101, 107, 99, 101, 99, 131, 132, 113, 103, 105, 0, 0, 0, 0, 2, 0, 0, 0, 
0, 0, 307, 99, 101, 105, 107, 131, 135, 115, 99, 101, 105, 99, 105, 101, 180, 0, 18, 0, 0, 0, 0, 0, 
0, 0, 257, 101, 99, 101, 105, 109, 117, 137, 146, 138, 145, 117, 105, 103, 0, 0, 18, 0, 0, 0, 0, 0, 
0, 0, 0, 227, 101, 99, 101, 121, 130, 144, 99, 101, 101, 101, 109, 109, 133, 111, 0, 22, 0, 4, 0, 0, 0, 
0, 0, 0, 200, 152, 154, 131, 130, 134, 101, 101, 101, 99, 107, 103, 107, 99, 2, 0, 0, 0, 0, 0, 0, 
0, 0, 0, 249, 107, 123, 132, 133, 119, 101, 99, 101, 101, 103, 99, 115, 140, 0, 0, 0, 0, 0, 0, 0, 0, 
0, 0, 0, 194, 194, 196, 131, 103, 99, 105, 105, 190, 105, 99, 107, 128, 124, 0, 0, 2, 2, 0, 0, 0, 0, 
0, 0, 0, 0, 101, 109, 105, 105, 99, 136, 154, 132, 107, 107, 99, 105, 281, 0, 30, 0, 8, 0, 0, 0, 0, 
0, 0, 0, 198, 99, 101, 137, 128, 105, 107, 99, 212, 107, 99, 141, 130, 55, 0, 0, 16, 0, 4, 0, 2, 0, 0, 0, 0, 0, 0, 0, 0, 0, 0, 0, 0, 2, 0, 0, 0, 0, 0, 0, 0, 0, 0, 0, 0, 
0, 0, 0, 275, 101, 103, 135, 111, 99, 101, 103, 138, 99, 138, 107, 107, 121, 0, 20, 0, 4, 0, 0, 0, 0, 
0, 0, 0, 273, 101, 99, 109, 105, 101, 105, 105, 137, 144, 125, 101, 99, 107, 150, 0, 24, 0, 0, 0, 0, 0, 
0, 0, 190, 99, 105, 107, 105, 99, 119, 148, 132, 103, 101, 99, 105, 259, 0, 16, 0, 2, 0, 0, 0, 0, 
0, 0, 292, 101, 101, 103, 105, 117, 136, 126, 111, 101, 99, 107, 99, 214, 0, 16, 0, 4, 0, 0, 0, 0, 
0, 0, 318, 99, 101, 105, 107, 101, 117, 127, 115, 129, 128, 136, 99, 107, 269, 0, 16, 0, 6, 0, 0, 0, 0, 
0, 0, 287, 101, 101, 99, 117, 129, 138, 99, 101, 99, 101, 105, 103, 107, 283, 0, 40, 0, 0, 0, 0, 0, 
0, 0, 0, 306, 101, 99, 109, 99, 101, 103, 99, 101, 109, 133, 138, 119, 162, 0, 16, 0, 0, 0, 0, 0, 0, 
0, 0, 0, 275, 101, 99, 105, 101, 99, 107, 99, 101, 140, 134, 99, 103, 145, 2, 10, 0, 0, 0, 0, 0, 0, 
0, 0, 0, 287, 166, 192, 132, 101, 101, 101, 103, 144, 101, 141, 132, 99, 0, 2, 0, 2, 0, 0, 0, 0, 
0, 0, 0, 267, 103, 118, 133, 131, 137, 123, 119, 101, 99, 101, 101, 107, 99, 2, 0, 0, 0, 0, 0, 0, 0, 0, 
0, 0, 0, 237, 101, 99, 131, 119, 99, 109, 103, 144, 101, 101, 107, 99, 128, 0, 0, 0, 0, 0, 0, 0, 
0, 0, 0, 220, 101, 99, 107, 101, 101, 105, 107, 134, 135, 139, 140, 127, 137, 113, 0, 16, 2, 0, 0, 0, 0, 
0, 0, 0, 99, 109, 99, 101, 99, 105, 99, 125, 129, 135, 138, 99, 105, 0, 0, 0, 0, 2, 0, 0, 0, 
0, 0, 0, 302, 99, 101, 109, 105, 107, 132, 113, 99, 101, 103, 101, 105, 107, 170, 0, 16, 2, 12, 0, 0, 0, 
0, 0, 0, 180, 190, 168, 129, 121, 105, 105, 101, 119, 103, 101, 123, 128, 0, 47, 0, 30, 0, 0, 0, 0, 
