1, 0; 1, 0; 3, 210; 3, 214; 3, 229; 3, 295; 3, 257; 3, 210; 2, 0; 2, 0; 1, 0; 1, 0; 
1, 0; 1, 0; 3, 214; 3, 210; 3, 241; 3, 249; 3, 251; 3, 210; 2, 0; 2, 0; 1, 0; 1, 0; 
1, 0; 3, 279; 3, 216; 3, 208; 3, 285; 3, 214; 3, 210; 3, 264; 3, 107; 2, 2; 1, 0; 1, 0; 
1, 0; 1, 0; 3, 218; 3, 280; 3, 210; 3, 293; 3, 249; 3, 206; 2, 0; 2, 0; 1, 0; 1, 0; 
1, 0; 1, 0; 3, 212; 3, 269; 3, 212; 3, 321; 3, 241; 3, 214; 2, 0; 2, 0; 1, 0; 1, 0; 
1, 0; 1, 0; 3, 206; 3, 214; 3, 242; 3, 378; 3, 290; 2, 107; 2, 0; 2, 0; 1, 0; 1, 0; 
1, 0; 1, 0; 3, 314; 3, 212; 3, 226; 3, 368; 3, 226; 2, 107; 2, 0; 2, 2; 1, 0; 1, 0; 
1, 0; 3, 390; 3, 216; 3, 214; 3, 264; 3, 212; 3, 212; 2, 140; 2, 2; 2, 0; 1, 0; 1, 0; 
1, 0; 1, 0; 3, 208; 3, 286; 3, 210; 3, 296; 3, 239; 3, 241; 2, 0; 2, 0; 1, 0; 1, 0; 
1, 0; 1, 0; 3, 206; 3, 246; 3, 214; 3, 238; 3, 216; 2, 109; 2, 0; 2, 0; 1, 0; 1, 0; 
1, 0; 1, 0; 3, 245; 3, 212; 3, 257; 3, 291; 3, 257; 2, 107; 2, 0; 2, 0; 1, 0; 1, 0; 
1, 0; 3, 350; 3, 210; 3, 206; 3, 294; 3, 210; 3, 210; 1, 0; 2, 0; 2, 0; 1, 0; 
1, 0; 1, 0; 3, 206; 3, 214; 3, 261; 3, 265; 3, 263; 2, 105; 2, 0; 2, 0; 1, 0; 1, 0; 
1, 0; 1, 0; 3, 478; 3, 218; 3, 274; 3, 218; 3, 212; 2, 144; 2, 0; 2, 0; 1, 0; 1, 0; 
1, 0; 3, 366; 3, 210; 3, 206; 3, 232; 3, 210; 3, 222; 2, 152; 2, 0; 2, 0; 1, 0; 1, 0; 
1, 0; 1, 0; 3, 222; 3, 278; 3, 206; 3, 269; 3, 232; 3, 208; 2, 0; 2, 0; 1, 0; 1, 0; 
1, 0; 1, 0; 3, 212; 3, 232; 3, 234; 3, 236; 3, 214; 3, 212; 2, 0; 2, 0; 1, 0; 1, 0; 
1, 0; 1, 0; 3, 210; 3, 222; 3, 228; 3, 362; 3, 253; 2, 103; 2, 2; 2, 0; 1, 0; 1, 0; 
1, 0; 3, 322; 3, 214; 3, 216; 3, 210; 3, 287; 3, 208; 3, 216; 2, 0; 2, 0; 1, 0; 
1, 0; 1, 0; 3, 216; 3, 216; 3, 229; 3, 366; 3, 292; 2, 103; 2, 2; 2, 0; 1, 0; 1, 0; 
1, 0; 3, 282; 3, 212; 3, 210; 3, 243; 3, 216; 3, 218; 3, 222; 3, 139; 2, 0; 1, 0; 1, 0; 
1, 0; 1, 0; 3, 216; 3, 216; 3, 210; 3, 259; 3, 216; 3, 242; 2, 0; 2, 0; 1, 0; 1, 0; 
1, 0; 1, 0; 3, 212; 3, 274; 3, 210; 3, 271; 3, 261; 3, 212; 2, 0; 2, 0; 1, 0; 1, 0; 
1, 0; 1, 0; 3, 208; 3, 267; 3, 208; 3, 233; 3, 212; 3, 243; 2, 0; 2, 0; 1, 0; 1, 0; 
1, 0; 1, 0; 3, 210; 3, 210; 3, 255; 3, 210; 3, 210; 3, 284; 2, 0; 2, 0; 2, 8; 1, 0; 
1, 0; 3, 312; 3, 216; 3, 220; 3, 261; 3, 212; 3, 208; 4, 245; 3, 132; 2, 8; 1, 0; 1, 0; 
1, 0; 1, 0; 3, 210; 3, 214; 3, 276; 3, 261; 3, 240; 3, 229; 2, 0; 2, 0; 1, 0; 1, 0; 
1, 0; 1, 0; 3, 468; 3, 210; 3, 286; 3, 338; 3, 296; 2, 107; 2, 0; 2, 0; 1, 0; 1, 0; 
1, 0; 1, 0; 3, 220; 3, 274; 3, 214; 3, 212; 3, 214; 3, 218; 3, 134; 2, 0; 1, 0; 1, 0; 1, 0; 
1, 0; 1, 0; 3, 210; 3, 251; 3, 214; 3, 241; 3, 212; 2, 109; 2, 0; 2, 0; 1, 0; 1, 0; 
1, 0; 1, 0; 3, 210; 3, 210; 3, 253; 3, 218; 3, 242; 3, 240; 2, 0; 2, 0; 1, 0; 1, 0; 
1, 0; 1, 0; 3, 405; 3, 210; 3, 284; 3, 267; 3, 234; 2, 105; 2, 0; 2, 0; 1, 0; 1, 0; 
1, 0; 1, 0; 3, 214; 3, 288; 3, 210; 3, 289; 3, 242; 3, 214; 3, 103; 2, 0; 1, 0; 1, 0; 
1, 0; 1, 0; 3, 366; 3, 212; 3, 268; 3, 344; 3, 291; 2, 103; 2, 0; 2, 0; 1, 0; 1, 0; 
1, 0; 1, 0; 3, 214; 3, 278; 3, 214; 3, 253; 3, 248; 3, 204; 3, 103; 2, 0; 1, 0; 1, 0; 
1, 0; 1, 0; 3, 214; 3, 218; 3, 249; 3, 299; 3, 243; 3, 247; 3, 103; 2, 0; 1, 0; 1, 0; 
1, 0; 1, 0; 3, 580; 3, 214; 3, 236; 3, 210; 3, 216; 2, 105; 2, 2; 2, 0; 1, 0; 1, 0; 
1, 0; 1, 0; 3, 212; 3, 268; 3, 210; 3, 247; 3, 240; 3, 214; 3, 109; 2, 0; 1, 0; 1, 0; 
1, 0; 1, 0; 3, 210; 3, 216; 3, 239; 3, 332; 3, 240; 3, 212; 2, 0; 2, 0; 1, 0; 1, 0; 
1, 0; 1, 0; 3, 317; 3, 212; 3, 216; 3, 247; 3, 208; 3, 239; 2, 0; 2, 0; 2, 8; 1, 0; 
1, 0; 3, 344; 3, 216; 3, 214; 3, 280; 3, 212; 3, 206; 3, 210; 2, 0; 2, 2; 1, 0; 
1, 0; 1, 0; 3, 210; 3, 218; 3, 257; 3, 323; 3, 253; 3, 230; 2, 0; 2, 0; 1, 0; 1, 0; 
1, 0; 1, 0; 3, 247; 3, 218; 3, 210; 3, 247; 3, 210; 3, 206; 3, 137; 2, 0; 1, 0; 1, 0; 
1, 0; 1, 0; 3, 214; 3, 290; 3, 204; 3, 216; 3, 232; 3, 206; 3, 109; 2, 2; 1, 0; 1, 0; 
1, 0; 1, 0; 3, 206; 3, 272; 3, 212; 3, 293; 3, 263; 3, 214; 3, 105; 2, 0; 1, 0; 1, 0; 
1, 0; 1, 0; 3, 208; 3, 216; 3, 271; 3, 234; 3, 226; 3, 218; 2, 0; 2, 0; 1, 0; 1, 0; 
1, 0; 1, 0; 3, 354; 3, 216; 3, 245; 3, 206; 3, 214; 3, 281; 2, 0; 2, 0; 2, 0; 1, 0; 
1, 0; 3, 374; 3, 216; 3, 212; 3, 286; 3, 210; 3, 212; 4, 208; 2, 2; 2, 0; 1, 0; 1, 0; 
1, 0; 1, 0; 3, 224; 3, 212; 3, 214; 3, 254; 3, 210; 3, 239; 2, 2; 2, 0; 1, 0; 1, 0; 
1, 0; 1, 0; 3, 210; 3, 212; 3, 245; 3, 321; 3, 226; 3, 251; 2, 0; 2, 2; 1, 0; 1, 0; 
1, 0; 1, 0; 3, 586; 3, 218; 3, 214; 3, 272; 3, 216; 3, 210; 2, 0; 2, 0; 2, 0; 1, 0; 
1, 0; 1, 0; 3, 590; 3, 212; 3, 249; 3, 230; 3, 251; 2, 121; 2, 0; 2, 2; 1, 0; 1, 0; 
1, 0; 1, 0; 3, 216; 3, 273; 3, 224; 3, 249; 3, 214; 3, 222; 3, 121; 2, 0; 1, 0; 1, 0; 
1, 0; 1, 0; 3, 210; 3, 216; 3, 259; 3, 243; 3, 237; 3, 247; 2, 0; 2, 0; 1, 0; 1, 0; 
1, 0; 1, 0; 3, 216; 3, 214; 3, 298; 3, 212; 3, 218; 3, 243; 2, 0; 2, 0; 1, 0; 1, 0; 
1, 0; 3, 298; 3, 210; 3, 220; 3, 258; 3, 206; 3, 220; 3, 245; 3, 117; 2, 0; 1, 0; 1, 0; 
1, 0; 1, 0; 3, 226; 3, 265; 3, 212; 3, 248; 3, 212; 3, 214; 3, 115; 2, 0; 1, 0; 1, 0; 
1, 0; 1, 0; 3, 214; 3, 214; 3, 212; 3, 230; 3, 232; 3, 212; 3, 107; 2, 0; 1, 0; 1, 0; 
1, 0; 1, 0; 3, 216; 3, 216; 3, 263; 3, 267; 3, 244; 3, 212; 2, 0; 2, 0; 1, 0; 1, 0; 
1, 0; 1, 0; 3, 282; 3, 216; 3, 220; 3, 332; 3, 251; 3, 206; 2, 0; 2, 0; 2, 0; 1, 0; 
1, 0; 3, 352; 3, 210; 3, 214; 3, 255; 3, 204; 3, 214; 3, 218; 3, 138; 2, 0; 1, 0; 1, 0; 
1, 0; 1, 0; 3, 218; 3, 254; 3, 218; 3, 250; 3, 238; 3, 218; 3, 109; 2, 0; 1, 0; 1, 0; 
1, 0; 3, 352; 3, 216; 3, 210; 3, 278; 3, 208; 3, 210; 3, 270; 3, 111; 2, 0; 1, 0; 1, 0; 
1, 0; 1, 0; 3, 218; 3, 304; 3, 214; 3, 291; 3, 257; 3, 212; 3, 105; 2, 0; 1, 0; 1, 0; 
1, 0; 3, 346; 3, 218; 3, 216; 3, 269; 3, 208; 3, 218; 3, 271; 3, 105; 2, 2; 1, 0; 1, 0; 
1, 0; 1, 0; 3, 224; 3, 296; 3, 206; 3, 305; 3, 253; 3, 214; 3, 109; 2, 0; 1, 0; 1, 0; 
1, 0; 3, 318; 3, 208; 3, 214; 3, 244; 3, 206; 3, 253; 2, 103; 2, 0; 2, 0; 1, 0; 1, 0; 
1, 0; 1, 0; 3, 218; 3, 280; 3, 210; 3, 253; 3, 247; 3, 240; 3, 103; 2, 0; 1, 0; 1, 0; 
1, 0; 1, 0; 3, 216; 3, 246; 3, 255; 3, 261; 3, 220; 3, 216; 3, 117; 2, 0; 1, 0; 1, 0; 1, 0; 
1, 0; 3, 372; 3, 332; 3, 212; 3, 206; 3, 210; 3, 210; 3, 273; 3, 99; 2, 0; 1, 0; 1, 0; 
1, 0; 1, 0; 3, 216; 3, 261; 3, 214; 3, 316; 3, 261; 3, 214; 3, 109; 2, 0; 1, 0; 1, 0; 
1, 0; 1, 0; 3, 271; 3, 208; 3, 298; 3, 267; 3, 247; 2, 107; 2, 0; 2, 0; 1, 0; 1, 0; 
1, 0; 1, 0; 3, 218; 3, 208; 3, 218; 3, 274; 3, 216; 3, 210; 3, 146; 2, 0; 1, 0; 1, 0; 
1, 0; 1, 0; 3, 216; 3, 206; 3, 269; 3, 304; 3, 260; 2, 109; 2, 2; 2, 0; 1, 0; 1, 0; 
1, 0; 1, 0; 3, 220; 3, 208; 3, 218; 3, 237; 3, 214; 3, 218; 3, 105; 2, 0; 1, 0; 1, 0; 
1, 0; 1, 0; 3, 222; 3, 286; 3, 210; 3, 237; 3, 212; 3, 212; 3, 140; 2, 0; 1, 0; 1, 0; 
1, 0; 3, 334; 3, 214; 3, 212; 3, 283; 3, 214; 3, 214; 3, 276; 3, 105; 2, 0; 1, 0; 1, 0; 
1, 0; 1, 0; 3, 220; 3, 285; 3, 208; 3, 253; 3, 268; 3, 212; 3, 109; 2, 0; 1, 0; 1, 0; 
1, 0; 3, 332; 3, 220; 3, 210; 3, 292; 3, 214; 3, 222; 3, 208; 2, 0; 2, 0; 1, 0; 1, 0; 
1, 0; 1, 0; 3, 212; 3, 280; 3, 216; 3, 239; 3, 276; 3, 216; 3, 99; 2, 0; 1, 0; 1, 0; 
1, 0; 1, 0; 3, 621; 3, 212; 3, 261; 3, 271; 3, 253; 2, 140; 2, 0; 2, 0; 1, 0; 1, 0; 
1, 0; 1, 0; 3, 214; 3, 282; 3, 210; 3, 250; 3, 218; 3, 214; 3, 127; 2, 0; 1, 0; 1, 0; 
1, 0; 3, 308; 3, 210; 3, 212; 3, 255; 3, 210; 3, 218; 3, 232; 2, 0; 2, 10; 1, 0; 
1, 0; 1, 0; 3, 216; 3, 285; 3, 206; 3, 248; 3, 267; 3, 206; 3, 109; 2, 0; 1, 0; 1, 0; 
1, 0; 3, 318; 3, 216; 3, 206; 3, 245; 3, 255; 3, 214; 3, 188; 3, 142; 2, 0; 1, 0; 1, 0; 
1, 0; 1, 0; 3, 216; 3, 292; 3, 214; 3, 271; 3, 264; 3, 214; 3, 101; 2, 0; 1, 0; 1, 0; 
1, 0; 1, 0; 3, 454; 3, 214; 3, 274; 3, 384; 3, 298; 2, 105; 2, 0; 2, 2; 1, 0; 1, 0; 
1, 0; 1, 0; 3, 214; 3, 220; 3, 212; 3, 234; 3, 214; 3, 212; 3, 139; 2, 0; 1, 0; 1, 0; 
1, 0; 1, 0; 3, 388; 3, 212; 3, 304; 3, 240; 3, 251; 3, 208; 2, 0; 2, 75; 1, 0; 1, 0; 
1, 0; 1, 0; 3, 216; 3, 253; 3, 210; 3, 280; 3, 232; 3, 218; 3, 103; 2, 0; 1, 0; 1, 0; 
1, 0; 1, 0; 3, 344; 3, 216; 3, 255; 3, 339; 3, 257; 2, 107; 2, 0; 2, 2; 1, 0; 1, 0; 
1, 0; 1, 0; 3, 218; 3, 212; 3, 208; 3, 240; 3, 210; 3, 212; 3, 130; 2, 0; 1, 0; 1, 0; 
1, 0; 1, 0; 3, 334; 3, 210; 3, 272; 3, 305; 3, 251; 2, 113; 2, 0; 2, 0; 1, 0; 1, 0; 
1, 0; 1, 0; 3, 216; 3, 228; 3, 212; 3, 212; 3, 247; 3, 210; 3, 107; 2, 0; 1, 0; 1, 0; 
1, 0; 1, 0; 3, 298; 3, 218; 3, 257; 3, 288; 3, 257; 3, 210; 2, 0; 2, 75; 1, 0; 1, 0; 
1, 0; 1, 0; 3, 216; 3, 240; 3, 212; 3, 218; 3, 228; 3, 208; 3, 105; 2, 0; 1, 0; 1, 0; 
1, 0; 1, 0; 3, 212; 3, 216; 3, 248; 3, 257; 3, 236; 3, 212; 2, 0; 2, 28; 1, 0; 1, 0; 
1, 0; 1, 0; 3, 222; 3, 230; 3, 216; 3, 242; 3, 210; 3, 216; 3, 107; 2, 0; 1, 0; 1, 0; 
1, 0; 1, 0; 3, 212; 3, 283; 3, 208; 3, 216; 3, 240; 3, 214; 3, 105; 2, 0; 1, 0; 1, 0; 
1, 0; 1, 0; 3, 208; 3, 243; 3, 210; 3, 285; 3, 234; 3, 212; 2, 0; 2, 2; 1, 0; 1, 0; 
1, 0; 3, 376; 3, 238; 3, 212; 3, 212; 3, 246; 3, 208; 3, 218; 3, 109; 2, 0; 1, 0; 1, 0; 
1, 0; 1, 0; 3, 220; 3, 214; 3, 251; 3, 226; 3, 238; 3, 249; 2, 0; 2, 0; 1, 0; 1, 0; 
1, 0; 3, 350; 3, 212; 3, 214; 3, 253; 3, 218; 3, 206; 3, 253; 3, 109; 2, 0; 1, 0; 1, 0; 
1, 0; 1, 0; 3, 212; 3, 267; 3, 218; 3, 237; 3, 214; 3, 210; 3, 103; 2, 0; 1, 0; 1, 0; 
1, 0; 1, 0; 3, 210; 3, 218; 3, 249; 3, 253; 3, 226; 3, 204; 2, 0; 2, 0; 1, 0; 1, 0; 
1, 0; 1, 0; 3, 284; 3, 214; 3, 253; 3, 259; 3, 228; 2, 107; 2, 0; 2, 2; 1, 0; 1, 0; 
1, 0; 1, 0; 3, 265; 3, 212; 3, 212; 3, 276; 3, 210; 3, 210; 3, 140; 2, 0; 1, 0; 1, 0; 
1, 0; 1, 0; 3, 208; 3, 216; 3, 265; 3, 247; 3, 255; 2, 103; 2, 0; 2, 0; 1, 0; 1, 0; 
1, 0; 1, 0; 3, 214; 3, 245; 3, 259; 3, 216; 3, 243; 3, 210; 3, 107; 2, 0; 1, 0; 1, 0; 
1, 0; 1, 0; 3, 235; 3, 218; 3, 257; 3, 288; 3, 255; 3, 210; 2, 0; 2, 0; 1, 0; 1, 0; 
1, 0; 1, 0; 3, 222; 3, 216; 3, 210; 3, 257; 3, 249; 3, 206; 3, 109; 2, 0; 1, 0; 1, 0; 
1, 0; 1, 0; 3, 210; 3, 214; 3, 210; 3, 415; 3, 224; 2, 105; 2, 2; 2, 0; 1, 0; 1, 0; 
1, 0; 1, 0; 3, 295; 3, 210; 3, 210; 3, 262; 3, 228; 3, 214; 3, 105; 2, 0; 1, 0; 1, 0; 
1, 0; 1, 0; 3, 220; 3, 212; 3, 249; 3, 269; 3, 212; 2, 139; 2, 0; 2, 0; 1, 0; 1, 0; 
1, 0; 3, 352; 3, 261; 3, 224; 3, 212; 3, 212; 3, 284; 3, 210; 3, 105; 2, 0; 1, 0; 1, 0; 
