0, 0, 0, 290, 287, 261, 107, 135, 206, 204, 206, 210, 227, 239, 202, 226, 93, 152, 105, 91, 99, 0, 0, 0, 0, 0, 0, 0, 0, 0, 2, 0, 0, 0, 0, 0, 0, 0, 0, 0, 0, 2, 0, 0, 0, 
0, 0, 0, 417, 288, 306, 269, 246, 210, 204, 202, 202, 198, 206, 208, 198, 210, 4, 2, 0, 0, 0, 0, 0, 0, 
0, 0, 0, 516, 210, 244, 268, 264, 212, 214, 206, 257, 208, 198, 243, 220, 103, 79, 0, 26, 0, 8, 0, 0, 0, 0, 0, 0, 0, 0, 0, 
0, 0, 366, 234, 392, 99, 210, 198, 208, 206, 262, 248, 134, 200, 176, 220, 22, 101, 93, 101, 89, 107, 113, 22, 2, 0, 4, 0, 0, 0, 0, 
0, 0, 0, 384, 198, 208, 210, 241, 202, 208, 160, 228, 214, 135, 202, 135, 119, 103, 77, 113, 138, 36, 0, 8, 0, 0, 0, 0, 0, 0, 
0, 0, 0, 202, 216, 198, 200, 202, 208, 198, 212, 234, 260, 247, 212, 208, 0, 0, 0, 0, 0, 2, 0, 0, 0, 0, 0, 
0, 0, 0, 380, 202, 202, 141, 242, 214, 210, 220, 343, 222, 202, 233, 237, 101, 160, 0, 18, 0, 6, 0, 0, 0, 
0, 0, 0, 310, 198, 208, 214, 208, 210, 239, 238, 260, 266, 236, 230, 232, 202, 0, 0, 16, 0, 0, 0, 0, 0, 
0, 0, 0, 374, 204, 109, 206, 174, 168, 111, 262, 202, 213, 232, 229, 293, 285, 101, 101, 101, 103, 0, 0, 2, 0, 0, 0, 0, 0, 0, 
0, 0, 0, 111, 251, 200, 204, 212, 101, 202, 208, 339, 204, 257, 230, 235, 160, 105, 107, 2, 0, 0, 0, 0, 0, 0, 
0, 0, 0, 368, 202, 198, 202, 231, 237, 212, 198, 202, 198, 230, 235, 226, 204, 176, 0, 16, 0, 6, 0, 0, 0, 
0, 0, 0, 362, 202, 208, 210, 180, 212, 198, 202, 202, 366, 208, 206, 204, 206, 198, 81, 16, 0, 0, 0, 0, 0, 0, 0, 
0, 0, 0, 546, 208, 208, 232, 218, 258, 231, 238, 232, 152, 210, 164, 99, 216, 255, 105, 30, 0, 6, 0, 0, 0, 0, 0, 
0, 0, 0, 0, 204, 212, 204, 206, 109, 210, 101, 224, 236, 235, 216, 235, 247, 230, 0, 0, 0, 0, 0, 0, 0, 
0, 0, 0, 274, 616, 198, 230, 111, 230, 242, 190, 337, 210, 170, 233, 228, 204, 101, 109, 0, 0, 0, 0, 0, 0, 0, 
0, 0, 0, 392, 202, 206, 206, 214, 228, 262, 276, 261, 232, 204, 198, 208, 208, 0, 0, 18, 0, 2, 0, 4, 0, 4, 0, 0, 0, 0, 
0, 0, 470, 198, 198, 204, 251, 248, 241, 231, 230, 229, 317, 198, 206, 206, 277, 101, 44, 0, 4, 0, 0, 0, 
0, 0, 0, 530, 202, 270, 258, 259, 214, 204, 198, 202, 206, 208, 204, 242, 270, 281, 99, 46, 0, 4, 0, 0, 0, 
0, 0, 546, 198, 263, 262, 250, 203, 208, 202, 204, 204, 208, 202, 238, 229, 273, 127, 45, 0, 4, 0, 0, 0, 
0, 0, 0, 506, 202, 251, 242, 255, 225, 212, 202, 204, 202, 204, 202, 241, 231, 239, 107, 28, 0, 4, 0, 0, 0, 
0, 0, 0, 376, 198, 202, 212, 260, 256, 204, 198, 216, 208, 210, 202, 266, 276, 0, 0, 16, 2, 0, 0, 0, 
0, 0, 0, 458, 281, 259, 248, 244, 234, 242, 230, 200, 198, 204, 208, 240, 239, 160, 107, 28, 0, 0, 0, 0, 0, 
0, 0, 0, 524, 202, 202, 250, 255, 254, 202, 204, 200, 198, 212, 202, 214, 234, 186, 0, 44, 0, 0, 0, 0, 
0, 0, 0, 0, 504, 210, 276, 282, 220, 198, 210, 202, 280, 228, 235, 224, 245, 109, 166, 0, 43, 0, 0, 0, 0, 
0, 0, 0, 0, 358, 198, 202, 198, 248, 264, 233, 224, 198, 204, 208, 202, 194, 267, 0, 44, 0, 4, 0, 0, 0, 
0, 0, 0, 362, 198, 202, 244, 267, 216, 208, 208, 255, 230, 232, 224, 238, 290, 0, 38, 0, 4, 0, 0, 0, 
0, 0, 0, 0, 380, 200, 204, 214, 268, 250, 204, 202, 269, 204, 206, 210, 272, 257, 0, 0, 16, 0, 0, 0, 0, 
0, 0, 0, 378, 202, 206, 234, 268, 238, 208, 202, 287, 210, 242, 202, 204, 270, 0, 28, 0, 4, 0, 0, 0, 
0, 0, 0, 524, 295, 322, 257, 232, 206, 206, 204, 325, 206, 220, 236, 206, 182, 103, 0, 26, 0, 4, 0, 0, 0, 
0, 0, 0, 400, 202, 198, 225, 250, 234, 212, 204, 323, 206, 234, 222, 202, 115, 168, 0, 16, 2, 0, 0, 0, 
0, 0, 0, 0, 522, 202, 198, 272, 270, 202, 216, 210, 424, 212, 202, 281, 250, 51, 0, 32, 0, 0, 0, 0, 0, 
0, 0, 0, 512, 206, 200, 228, 248, 234, 208, 204, 253, 206, 208, 243, 214, 101, 178, 0, 22, 0, 0, 0, 0, 
0, 0, 0, 0, 542, 206, 198, 256, 260, 233, 204, 204, 303, 204, 202, 242, 234, 180, 190, 0, 46, 0, 0, 0, 0, 
0, 0, 0, 526, 202, 202, 222, 230, 262, 236, 236, 212, 198, 198, 204, 202, 210, 188, 0, 46, 0, 0, 0, 0, 
0, 0, 0, 0, 528, 206, 298, 272, 204, 198, 208, 210, 329, 240, 226, 245, 234, 0, 158, 0, 42, 0, 0, 0, 0, 
0, 0, 0, 544, 212, 204, 264, 256, 259, 198, 198, 198, 202, 206, 204, 202, 218, 158, 0, 44, 0, 0, 0, 0, 
0, 0, 0, 326, 626, 261, 206, 204, 202, 202, 198, 251, 202, 240, 240, 208, 107, 133, 138, 0, 2, 0, 0, 0, 0, 
0, 0, 0, 506, 242, 310, 266, 234, 198, 210, 202, 259, 210, 216, 202, 212, 278, 113, 0, 32, 0, 0, 0, 0, 
0, 0, 0, 366, 202, 202, 198, 256, 272, 257, 202, 202, 202, 198, 210, 202, 208, 0, 0, 16, 0, 0, 0, 0, 
0, 0, 0, 0, 476, 202, 200, 235, 258, 236, 226, 204, 303, 202, 198, 241, 230, 105, 182, 0, 14, 0, 0, 0, 0, 
0, 0, 0, 444, 202, 202, 232, 258, 242, 208, 198, 224, 208, 212, 202, 231, 241, 176, 0, 16, 0, 0, 0, 0, 
0, 0, 0, 400, 477, 320, 237, 202, 208, 208, 204, 247, 208, 206, 198, 212, 202, 143, 115, 26, 2, 0, 0, 0, 0, 
0, 0, 0, 540, 208, 204, 234, 240, 239, 241, 216, 249, 206, 204, 235, 240, 101, 188, 0, 45, 2, 0, 0, 0, 
0, 0, 0, 374, 554, 340, 208, 204, 204, 206, 210, 329, 208, 212, 230, 230, 216, 136, 134, 0, 0, 0, 0, 0, 0, 
0, 0, 0, 536, 210, 224, 243, 258, 234, 222, 202, 247, 202, 200, 235, 236, 188, 172, 0, 44, 0, 0, 0, 0, 
0, 0, 0, 320, 606, 241, 214, 208, 202, 204, 204, 228, 233, 233, 210, 242, 137, 115, 107, 0, 0, 0, 0, 0, 0, 
0, 0, 0, 512, 210, 277, 256, 260, 226, 204, 198, 198, 202, 208, 202, 198, 202, 136, 0, 28, 2, 4, 0, 0, 0, 
0, 0, 0, 378, 198, 208, 226, 243, 238, 210, 208, 255, 208, 204, 226, 266, 256, 0, 0, 16, 0, 0, 0, 0, 
0, 0, 0, 512, 296, 320, 256, 202, 198, 202, 206, 338, 210, 274, 253, 212, 0, 117, 0, 28, 0, 0, 0, 0, 
0, 0, 0, 266, 555, 239, 216, 202, 202, 212, 204, 204, 208, 208, 233, 234, 228, 101, 105, 0, 0, 0, 0, 0, 0, 
