1, 0; 2, 156; 2, 105; 2, 146; 2, 103; 2, 136; 2, 105; 2, 125; 2, 0; 2, 0; 1, 0; 
1, 0; 1, 0; 2, 105; 2, 103; 2, 103; 2, 107; 2, 142; 2, 101; 2, 0; 2, 0; 1, 0; 1, 0; 
1, 0; 1, 0; 2, 101; 2, 105; 2, 152; 2, 107; 2, 103; 2, 109; 2, 0; 2, 0; 1, 0; 1, 0; 
1, 0; 1, 0; 2, 113; 2, 105; 2, 150; 2, 103; 2, 109; 2, 140; 2, 0; 2, 51; 1, 0; 
1, 0; 1, 0; 2, 140; 2, 109; 2, 109; 2, 105; 2, 109; 2, 134; 2, 0; 2, 0; 2, 0; 1, 0; 
1, 0; 1, 0; 2, 107; 2, 107; 2, 150; 2, 109; 2, 107; 2, 140; 2, 0; 2, 0; 1, 0; 
1, 0; 1, 0; 2, 105; 2, 111; 2, 103; 2, 142; 2, 109; 2, 105; 2, 0; 2, 0; 1, 0; 1, 0; 
1, 0; 1, 0; 2, 111; 2, 148; 2, 101; 2, 184; 2, 140; 2, 105; 2, 0; 2, 0; 1, 0; 1, 0; 
1, 0; 1, 0; 2, 107; 2, 123; 2, 107; 2, 188; 2, 136; 2, 115; 2, 0; 2, 0; 1, 0; 1, 0; 
1, 0; 1, 0; 2, 105; 2, 107; 2, 105; 2, 140; 2, 103; 2, 105; 1, 0; 2, 0; 1, 0; 1, 0; 
1, 0; 1, 0; 2, 111; 2, 131; 2, 107; 2, 103; 2, 105; 2, 140; 2, 103; 2, 16; 1, 0; 1, 0; 
1, 0; 1, 0; 2, 107; 2, 107; 2, 137; 2, 107; 2, 103; 2, 107; 3, 122; 2, 0; 1, 0; 1, 0; 
1, 0; 1, 0; 2, 105; 2, 105; 2, 134; 2, 142; 2, 138; 2, 109; 2, 0; 2, 0; 1, 0; 
1, 0; 1, 0; 2, 107; 2, 107; 2, 152; 2, 103; 2, 103; 2, 140; 2, 0; 2, 0; 1, 0; 
1, 0; 1, 0; 2, 105; 2, 105; 2, 156; 2, 103; 2, 107; 2, 115; 2, 0; 2, 0; 1, 0; 1, 0; 
1, 0; 1, 0; 2, 109; 2, 134; 2, 107; 2, 105; 2, 121; 2, 101; 2, 0; 2, 0; 1, 0; 
1, 0; 1, 0; 2, 115; 2, 101; 2, 105; 2, 142; 2, 109; 2, 117; 2, 0; 2, 0; 1, 0; 
1, 0; 1, 0; 2, 105; 2, 105; 2, 117; 2, 107; 2, 105; 2, 105; 2, 0; 2, 0; 1, 0; 
1, 0; 1, 0; 2, 111; 2, 117; 2, 111; 2, 105; 2, 105; 2, 111; 2, 2; 2, 0; 1, 0; 
1, 0; 1, 0; 2, 110; 2, 103; 2, 109; 2, 107; 2, 129; 2, 105; 1, 0; 2, 14; 1, 0; 1, 0; 
1, 0; 1, 0; 2, 111; 2, 105; 2, 156; 2, 107; 2, 105; 2, 103; 2, 0; 2, 71; 1, 0; 
1, 0; 1, 0; 2, 297; 2, 105; 2, 103; 2, 105; 2, 109; 2, 140; 2, 0; 2, 71; 1, 0; 
1, 0; 1, 0; 2, 213; 2, 103; 2, 152; 2, 105; 2, 107; 2, 138; 2, 2; 2, 67; 1, 0; 
1, 0; 1, 0; 2, 229; 2, 109; 2, 150; 2, 105; 2, 103; 2, 117; 2, 0; 2, 75; 1, 0; 
1, 0; 1, 0; 2, 221; 2, 103; 2, 140; 2, 103; 2, 107; 2, 105; 2, 0; 2, 0; 1, 0; 
1, 0; 1, 0; 2, 105; 2, 105; 2, 154; 2, 105; 2, 107; 2, 134; 2, 0; 2, 0; 1, 0; 
1, 0; 1, 0; 2, 107; 2, 103; 2, 107; 2, 190; 2, 140; 2, 103; 2, 0; 2, 0; 1, 0; 
1, 0; 1, 0; 2, 103; 2, 109; 2, 150; 2, 105; 2, 107; 2, 107; 2, 0; 2, 0; 1, 0; 
1, 0; 1, 0; 2, 103; 2, 105; 2, 125; 2, 135; 2, 128; 2, 103; 2, 0; 2, 0; 1, 0; 
1, 0; 1, 0; 2, 105; 2, 123; 2, 103; 2, 126; 2, 117; 2, 103; 2, 0; 2, 0; 1, 0; 1, 0; 
1, 0; 1, 0; 2, 105; 2, 105; 2, 105; 2, 143; 2, 142; 2, 105; 2, 0; 2, 0; 1, 0; 
1, 0; 1, 0; 2, 192; 2, 103; 2, 103; 2, 154; 2, 103; 2, 132; 2, 0; 2, 10; 1, 0; 1, 0; 
1, 0; 1, 0; 2, 105; 2, 148; 2, 105; 2, 107; 2, 105; 2, 105; 2, 0; 2, 0; 1, 0; 1, 0; 
1, 0; 1, 0; 2, 107; 2, 103; 2, 125; 2, 150; 2, 101; 2, 138; 2, 0; 2, 0; 1, 0; 
1, 0; 1, 0; 2, 105; 2, 105; 2, 105; 2, 142; 2, 101; 2, 105; 2, 0; 2, 0; 1, 0; 
1, 0; 1, 0; 2, 107; 2, 142; 2, 107; 2, 158; 2, 105; 2, 103; 2, 0; 2, 0; 1, 0; 
1, 0; 1, 0; 2, 111; 2, 105; 2, 107; 2, 130; 2, 107; 2, 132; 2, 2; 2, 0; 1, 0; 1, 0; 
1, 0; 1, 0; 2, 105; 2, 107; 2, 117; 2, 103; 2, 103; 2, 103; 3, 97; 2, 0; 1, 0; 1, 0; 
1, 0; 1, 0; 2, 105; 2, 105; 2, 137; 2, 107; 2, 107; 2, 105; 2, 0; 2, 0; 1, 0; 
1, 0; 1, 0; 2, 107; 2, 129; 2, 107; 2, 105; 2, 109; 2, 105; 2, 0; 2, 0; 1, 0; 1, 0; 
1, 0; 1, 0; 2, 115; 2, 144; 2, 107; 2, 125; 2, 107; 2, 107; 2, 0; 2, 0; 1, 0; 
1, 0; 1, 0; 2, 103; 2, 150; 2, 105; 2, 105; 2, 105; 2, 103; 2, 0; 2, 0; 1, 0; 
1, 0; 2, 198; 2, 160; 2, 107; 2, 103; 2, 107; 2, 103; 2, 137; 2, 2; 2, 0; 1, 0; 
1, 0; 1, 0; 2, 115; 2, 107; 2, 107; 2, 103; 2, 111; 2, 134; 2, 0; 2, 2; 1, 0; 
1, 0; 1, 0; 2, 107; 2, 107; 2, 111; 2, 142; 2, 105; 2, 109; 2, 0; 2, 0; 1, 0; 
1, 0; 1, 0; 2, 107; 2, 138; 2, 105; 2, 107; 2, 109; 2, 107; 2, 0; 2, 2; 1, 0; 
1, 0; 1, 0; 2, 111; 2, 144; 2, 109; 2, 105; 2, 109; 2, 105; 2, 0; 2, 0; 1, 0; 
1, 0; 1, 0; 2, 109; 2, 109; 2, 119; 2, 186; 2, 144; 2, 105; 2, 0; 2, 49; 1, 0; 
1, 0; 1, 0; 2, 105; 2, 126; 2, 105; 2, 125; 2, 134; 2, 103; 2, 0; 2, 0; 1, 0; 
1, 0; 1, 0; 2, 103; 2, 105; 2, 109; 2, 144; 2, 142; 2, 105; 2, 0; 2, 18; 1, 0; 
