1, 0; 1, 0; 1, 0; 2, 109; 2, 105; 2, 107; 2, 105; 2, 107; 2, 105; 2, 123; 2, 142; 2, 138; 2, 105; 2, 105; 2, 109; 2, 105; 1, 0; 2, 0; 2, 0; 2, 67; 2, 0; 1, 0; 1, 0; 1, 0; 1, 0; 
1, 0; 1, 0; 1, 0; 1, 0; 1, 0; 1, 0; 1, 0; 1, 0; 1, 0; 1, 0; 1, 0; 1, 0; 1, 0; 1, 0; 1, 0; 1, 0; 1, 0; 2, 0; 2, 0; 2, 0; 1, 0; 1, 0; 1, 0; 1, 0; 
1, 0; 1, 0; 1, 0; 1, 0; 1, 0; 1, 0; 1, 0; 1, 0; 1, 0; 1, 0; 1, 0; 1, 0; 1, 0; 1, 0; 1, 0; 1, 0; 1, 0; 1, 0; 2, 0; 2, 14; 2, 0; 1, 0; 1, 0; 1, 0; 1, 0; 
1, 0; 1, 0; 1, 0; 1, 0; 1, 0; 1, 0; 1, 0; 1, 0; 1, 0; 1, 0; 1, 0; 1, 0; 1, 0; 1, 0; 1, 0; 1, 0; 1, 0; 2, 0; 2, 18; 2, 0; 1, 0; 1, 0; 1, 0; 1, 0; 
1, 0; 1, 0; 1, 0; 1, 0; 1, 0; 1, 0; 1, 0; 1, 0; 1, 0; 1, 0; 1, 0; 1, 0; 1, 0; 1, 0; 1, 0; 1, 0; 1, 0; 2, 0; 2, 0; 2, 2; 1, 0; 1, 0; 1, 0; 1, 0; 
1, 0; 1, 0; 1, 0; 1, 0; 1, 0; 1, 0; 1, 0; 1, 0; 1, 0; 1, 0; 1, 0; 1, 0; 1, 0; 1, 0; 1, 0; 1, 0; 1, 0; 1, 0; 1, 0; 2, 0; 2, 0; 2, 10; 1, 0; 1, 0; 1, 0; 
1, 0; 1, 0; 1, 0; 1, 0; 1, 0; 1, 0; 1, 0; 1, 0; 1, 0; 1, 0; 1, 0; 1, 0; 1, 0; 1, 0; 1, 0; 1, 0; 1, 0; 1, 0; 2, 0; 2, 0; 2, 0; 1, 0; 1, 0; 1, 0; 
1, 0; 1, 0; 1, 0; 2, 198; 2, 105; 2, 148; 2, 140; 2, 144; 2, 139; 2, 105; 2, 111; 2, 105; 2, 103; 2, 105; 2, 103; 2, 105; 2, 107; 2, 170; 2, 0; 2, 14; 2, 0; 1, 0; 1, 0; 1, 0; 1, 0; 
1, 0; 1, 0; 2, 196; 2, 123; 2, 146; 2, 146; 2, 140; 2, 133; 2, 105; 2, 109; 2, 109; 2, 105; 2, 107; 2, 107; 2, 105; 2, 109; 2, 182; 2, 0; 2, 16; 2, 0; 1, 0; 1, 0; 1, 0; 
1, 0; 1, 0; 1, 0; 2, 172; 2, 162; 2, 166; 2, 174; 2, 144; 2, 148; 2, 136; 2, 109; 2, 103; 2, 105; 2, 113; 2, 107; 2, 109; 
0, 0, 0, 0, 0, 0, 0, 0, 0, 0, 0, 0, 0, 0, 0, 0, 0, 0, 0, 0, 0, 0, 0, 0, 0, 0, 0, 0, 0, 0, 0, 0, 0, 2, 0, 0, 0, 0, 
0, 0, 0, 0, 0, 0, 0, 0, 0, 0, 0, 0, 0, 0, 0, 0, 0, 0, 2, 0, 0, 0, 0, 0, 
0, 0, 0, 0, 0, 0, 0, 0, 0, 0, 0, 0, 0, 0, 0, 0, 0, 0, 0, 0, 0, 0, 2, 2, 0, 0, 0, 0, 
0, 0, 0, 0, 0, 0, 0, 0, 0, 0, 0, 0, 0, 0, 0, 0, 0, 0, 0, 2, 18, 0, 0, 0, 0, 
0, 0, 0, 0, 0, 0, 0, 0, 0, 0, 0, 0, 0, 0, 0, 0, 0, 190, 0, 32, 0, 0, 0, 0, 
0, 0, 0, 0, 0, 0, 0, 0, 0, 0, 0, 0, 0, 0, 0, 0, 0, 178, 0, 14, 0, 0, 0, 0, 
0, 0, 0, 0, 0, 0, 0, 0, 0, 0, 0, 0, 0, 0, 0, 0, 0, 0, 0, 14, 0, 0, 0, 0, 
0, 0, 0, 0, 0, 0, 0, 0, 0, 0, 0, 0, 0, 0, 0, 0, 0, 194, 0, 32, 0, 0, 0, 0, 
0, 0, 0, 0, 0, 0, 0, 0, 0, 0, 0, 0, 0, 0, 0, 0, 0, 160, 0, 16, 0, 0, 0, 0, 
0, 0, 0, 0, 0, 0, 0, 0, 0, 0, 0, 0, 0, 0, 0, 0, 0, 0, 0, 0, 0, 10, 0, 0, 0, 
0, 0, 0, 0, 0, 0, 0, 0, 0, 0, 0, 0, 0, 0, 0, 0, 0, 0, 0, 0, 0, 0, 0, 0, 
0, 0, 279, 99, 99, 107, 139, 143, 121, 99, 101, 101, 103, 99, 105, 105, 0, 0, 16, 0, 0, 0, 0, 0, 
0, 0, 0, 0, 0, 0, 0, 0, 0, 0, 0, 0, 0, 0, 0, 0, 0, 0, 0, 16, 2, 0, 0, 0, 
0, 0, 0, 0, 0, 0, 0, 0, 0, 0, 0, 0, 0, 0, 0, 0, 0, 0, 0, 0, 0, 0, 0, 0, 
0, 0, 0, 0, 0, 0, 0, 0, 0, 0, 0, 0, 0, 0, 0, 0, 0, 182, 0, 28, 0, 0, 0, 0, 
0, 0, 0, 0, 0, 0, 0, 0, 0, 0, 0, 0, 0, 0, 0, 0, 0, 0, 0, 0, 0, 0, 0, 0, 
0, 0, 0, 0, 0, 0, 0, 0, 0, 0, 0, 0, 0, 0, 0, 0, 0, 0, 2, 0, 0, 0, 0, 0, 
0, 0, 228, 101, 101, 107, 143, 137, 101, 99, 101, 107, 105, 109, 141, 109, 0, 0, 16, 0, 0, 0, 0, 0, 
0, 0, 0, 0, 0, 0, 0, 0, 0, 0, 0, 0, 0, 0, 0, 0, 0, 0, 0, 16, 2, 0, 0, 0, 
0, 0, 285, 101, 101, 111, 141, 142, 101, 99, 99, 101, 99, 105, 101, 105, 158, 0, 14, 0, 0, 0, 0, 0, 
0, 0, 0, 0, 0, 0, 0, 0, 0, 0, 0, 0, 0, 0, 0, 0, 0, 0, 0, 14, 0, 0, 0, 0, 
0, 0, 0, 0, 0, 0, 0, 0, 0, 0, 0, 0, 0, 0, 0, 0, 0, 0, 0, 0, 0, 0, 0, 0, 
0, 0, 0, 0, 0, 0, 0, 0, 0, 0, 0, 0, 0, 0, 0, 0, 0, 178, 0, 16, 0, 0, 0, 0, 
0, 0, 0, 0, 0, 0, 0, 0, 0, 0, 0, 0, 0, 0, 0, 0, 0, 0, 0, 0, 0, 0, 0, 0, 
0, 0, 0, 0, 0, 0, 0, 0, 0, 0, 0, 0, 0, 0, 0, 0, 0, 0, 0, 0, 30, 4, 0, 0, 
0, 0, 0, 0, 0, 0, 0, 0, 0, 0, 0, 0, 0, 0, 0, 0, 0, 0, 0, 0, 0, 0, 0, 0, 
0, 0, 285, 99, 99, 131, 134, 107, 105, 105, 107, 105, 127, 141, 103, 0, 0, 0, 14, 0, 0, 0, 0, 0, 
0, 0, 0, 99, 107, 109, 105, 123, 133, 105, 99, 99, 101, 105, 99, 125, 0, 0, 0, 0, 0, 0, 0, 0, 
0, 0, 0, 0, 0, 0, 0, 0, 0, 0, 0, 0, 0, 0, 0, 0, 0, 0, 0, 0, 0, 4, 172, 0, 
0, 0, 0, 0, 0, 0, 0, 0, 0, 0, 0, 0, 0, 0, 0, 0, 0, 148, 2, 14, 0, 0, 0, 0, 
0, 0, 0, 0, 0, 0, 0, 0, 0, 0, 0, 0, 0, 0, 0, 0, 0, 0, 166, 0, 14, 0, 0, 0, 0, 
0, 0, 0, 0, 0, 0, 0, 0, 0, 0, 0, 0, 0, 0, 0, 0, 0, 0, 0, 0, 2, 0, 0, 0, 
0, 0, 0, 0, 0, 0, 0, 0, 0, 0, 0, 0, 0, 0, 0, 0, 0, 140, 0, 14, 0, 0, 0, 0, 
0, 0, 0, 0, 0, 0, 0, 0, 0, 0, 0, 0, 0, 0, 0, 0, 0, 184, 0, 32, 0, 0, 0, 0, 
0, 0, 0, 0, 0, 0, 0, 0, 0, 0, 0, 0, 0, 0, 0, 0, 0, 180, 0, 30, 0, 0, 0, 0, 
0, 0, 0, 0, 0, 0, 0, 0, 0, 0, 0, 0, 0, 0, 0, 0, 0, 0, 0, 0, 0, 0, 0, 0, 0, 
0, 0, 0, 0, 0, 0, 0, 0, 0, 0, 0, 0, 0, 0, 0, 0, 0, 0, 0, 14, 0, 0, 0, 0, 
0, 0, 0, 0, 0, 0, 0, 0, 0, 0, 0, 0, 0, 0, 0, 0, 0, 0, 0, 12, 0, 0, 0, 0, 
0, 0, 0, 0, 0, 0, 0, 0, 0, 0, 0, 0, 0, 0, 0, 0, 0, 38, 0, 8, 0, 0, 0, 0, 
0, 0, 0, 0, 0, 0, 0, 0, 0, 0, 0, 0, 0, 0, 0, 0, 0, 0, 194, 0, 32, 0, 0, 0, 0, 
0, 0, 0, 0, 0, 0, 0, 0, 0, 0, 0, 0, 0, 0, 0, 0, 0, 0, 0, 0, 0, 0, 0, 0, 
0, 0, 0, 0, 0, 0, 0, 0, 0, 0, 0, 0, 0, 0, 0, 0, 0, 0, 0, 81, 0, 0, 0, 0, 0, 
0, 0, 0, 0, 0, 0, 0, 0, 0, 0, 0, 0, 0, 0, 0, 0, 0, 47, 0, 16, 0, 0, 0, 0, 
0, 0, 0, 0, 0, 0, 0, 0, 0, 0, 0, 0, 0, 0, 0, 0, 0, 43, 0, 14, 0, 0, 0, 0, 
0, 0, 0, 0, 0, 0, 0, 0, 0, 0, 0, 0, 0, 0, 0, 0, 0, 51, 0, 16, 0, 0, 0, 0, 
0, 0, 0, 0, 0, 0, 0, 0, 0, 0, 0, 0, 0, 0, 0, 0, 0, 0, 178, 0, 32, 0, 0, 0, 0, 
0, 0, 0, 0, 0, 0, 0, 0, 0, 0, 0, 0, 0, 0, 0, 0, 0, 0, 2, 0, 0, 0, 0, 0, 
0, 0, 0, 0, 0, 0, 0, 0, 0, 0, 0, 0, 0, 0, 0, 0, 0, 0, 103, 0, 16, 0, 0, 0, 0, 
0, 0, 0, 0, 0, 0, 0, 0, 0, 0, 0, 0, 0, 0, 0, 0, 0, 0, 113, 0, 14, 0, 0, 0, 0, 
0, 0, 0, 0, 0, 0, 0, 0, 0, 0, 0, 0, 0, 0, 0, 0, 0, 0, 75, 0, 16, 0, 0, 0, 0, 
