1, 0; 1, 0; 1, 0; 1, 0; 1, 0; 1, 0; 1, 0; 1, 0; 2, 0; 2, 79; 1, 0; 
1, 0; 2, 154; 2, 105; 2, 103; 2, 136; 2, 107; 2, 103; 2, 107; 2, 0; 2, 4; 1, 0; 
1, 0; 2, 208; 2, 190; 2, 103; 2, 105; 2, 154; 2, 107; 2, 107; 2, 2; 2, 0; 1, 0; 
1, 0; 1, 0; 1, 0; 1, 0; 1, 0; 1, 0; 1, 0; 1, 0; 2, 0; 2, 0; 1, 0; 
1, 0; 1, 0; 1, 0; 1, 0; 1, 0; 1, 0; 1, 0; 1, 0; 2, 0; 2, 0; 1, 0; 
1, 0; 1, 0; 1, 0; 1, 0; 1, 0; 1, 0; 1, 0; 1, 0; 2, 0; 2, 0; 1, 0; 
1, 0; 1, 0; 1, 0; 1, 0; 1, 0; 1, 0; 1, 0; 1, 0; 2, 0; 2, 28; 1, 0; 
1, 0; 2, 154; 2, 107; 2, 109; 2, 140; 2, 103; 2, 107; 2, 119; 2, 0; 2, 4; 1, 0; 
1, 0; 2, 210; 2, 176; 2, 109; 2, 109; 2, 158; 2, 103; 2, 103; 2, 158; 2, 0; 1, 0; 1, 0; 
1, 0; 1, 0; 1, 0; 1, 0; 1, 0; 1, 0; 1, 0; 1, 0; 2, 0; 2, 0; 1, 0; 
1, 0; 1, 0; 1, 0; 1, 0; 1, 0; 1, 0; 1, 0; 1, 0; 2, 0; 2, 0; 1, 0; 
1, 0; 1, 0; 1, 0; 1, 0; 1, 0; 1, 0; 1, 0; 1, 0; 1, 0; 2, 0; 1, 0; 1, 0; 
1, 0; 1, 0; 1, 0; 1, 0; 1, 0; 1, 0; 1, 0; 1, 0; 2, 0; 2, 61; 1, 0; 
1, 0; 1, 0; 1, 0; 1, 0; 1, 0; 1, 0; 1, 0; 1, 0; 2, 0; 2, 77; 1, 0; 
1, 0; 2, 186; 2, 111; 2, 107; 2, 109; 2, 105; 2, 132; 1, 0; 2, 0; 2, 0; 1, 0; 
1, 0; 1, 0; 1, 0; 1, 0; 1, 0; 1, 0; 1, 0; 1, 0; 2, 0; 2, 0; 1, 0; 
1, 0; 1, 0; 1, 0; 1, 0; 1, 0; 1, 0; 1, 0; 1, 0; 2, 0; 2, 0; 1, 0; 
1, 0; 1, 0; 1, 0; 1, 0; 1, 0; 1, 0; 1, 0; 1, 0; 2, 0; 2, 77; 1, 0; 
1, 0; 2, 176; 2, 109; 2, 107; 2, 142; 2, 105; 2, 140; 1, 0; 2, 2; 2, 0; 1, 0; 
1, 0; 1, 0; 1, 0; 1, 0; 1, 0; 1, 0; 1, 0; 1, 0; 2, 0; 2, 0; 1, 0; 
1, 0; 1, 0; 1, 0; 1, 0; 1, 0; 1, 0; 1, 0; 1, 0; 2, 0; 2, 0; 1, 0; 
1, 0; 1, 0; 1, 0; 1, 0; 1, 0; 1, 0; 1, 0; 1, 0; 2, 0; 2, 79; 1, 0; 
1, 0; 2, 162; 2, 109; 2, 105; 2, 150; 2, 109; 2, 121; 1, 0; 2, 2; 2, 4; 1, 0; 
1, 0; 1, 0; 1, 0; 1, 0; 1, 0; 1, 0; 1, 0; 1, 0; 2, 0; 2, 0; 1, 0; 
1, 0; 1, 0; 1, 0; 1, 0; 1, 0; 1, 0; 1, 0; 1, 0; 1, 0; 2, 0; 1, 0; 1, 0; 
1, 0; 1, 0; 1, 0; 1, 0; 1, 0; 1, 0; 1, 0; 1, 0; 2, 2; 2, 16; 1, 0; 
1, 0; 2, 137; 2, 105; 2, 105; 2, 154; 2, 109; 2, 105; 1, 0; 2, 0; 1, 0; 1, 0; 
1, 0; 2, 170; 2, 111; 2, 109; 2, 152; 2, 107; 2, 105; 1, 0; 2, 0; 2, 0; 1, 0; 
1, 0; 1, 0; 1, 0; 1, 0; 1, 0; 1, 0; 1, 0; 1, 0; 2, 0; 2, 0; 1, 0; 
1, 0; 1, 0; 1, 0; 1, 0; 1, 0; 1, 0; 1, 0; 1, 0; 2, 0; 2, 0; 1, 0; 
1, 0; 1, 0; 1, 0; 1, 0; 1, 0; 1, 0; 1, 0; 1, 0; 2, 0; 2, 0; 1, 0; 
1, 0; 1, 0; 1, 0; 1, 0; 1, 0; 1, 0; 1, 0; 1, 0; 2, 0; 2, 0; 1, 0; 
1, 0; 1, 0; 1, 0; 1, 0; 1, 0; 1, 0; 1, 0; 1, 0; 2, 0; 2, 81; 1, 0; 
1, 0; 2, 184; 2, 105; 2, 105; 2, 144; 2, 105; 2, 107; 2, 125; 2, 2; 2, 0; 1, 0; 
1, 0; 1, 0; 1, 0; 1, 0; 1, 0; 1, 0; 1, 0; 1, 0; 2, 0; 2, 0; 1, 0; 
1, 0; 1, 0; 1, 0; 1, 0; 1, 0; 1, 0; 1, 0; 1, 0; 2, 0; 2, 0; 1, 0; 
1, 0; 1, 0; 1, 0; 1, 0; 1, 0; 1, 0; 1, 0; 1, 0; 2, 0; 2, 0; 1, 0; 
1, 0; 1, 0; 1, 0; 1, 0; 1, 0; 1, 0; 1, 0; 1, 0; 2, 0; 2, 0; 1, 0; 
1, 0; 1, 0; 1, 0; 1, 0; 1, 0; 1, 0; 1, 0; 1, 0; 2, 0; 2, 28; 1, 0; 
1, 0; 1, 0; 1, 0; 1, 0; 1, 0; 1, 0; 1, 0; 1, 0; 2, 2; 2, 4; 1, 0; 
1, 0; 1, 0; 1, 0; 1, 0; 1, 0; 1, 0; 1, 0; 1, 0; 2, 2; 2, 0; 1, 0; 
1, 0; 1, 0; 1, 0; 1, 0; 1, 0; 1, 0; 1, 0; 1, 0; 2, 0; 2, 0; 1, 0; 
1, 0; 1, 0; 1, 0; 1, 0; 1, 0; 1, 0; 1, 0; 1, 0; 2, 0; 2, 10; 1, 0; 
1, 0; 1, 0; 1, 0; 1, 0; 1, 0; 1, 0; 1, 0; 1, 0; 2, 0; 2, 71; 1, 0; 
1, 0; 1, 0; 1, 0; 1, 0; 1, 0; 1, 0; 1, 0; 1, 0; 2, 2; 2, 0; 1, 0; 
1, 0; 1, 0; 1, 0; 1, 0; 1, 0; 1, 0; 1, 0; 1, 0; 1, 0; 2, 2; 1, 0; 1, 0; 
1, 0; 1, 0; 1, 0; 1, 0; 1, 0; 1, 0; 1, 0; 1, 0; 2, 0; 2, 0; 1, 0; 
1, 0; 1, 0; 1, 0; 1, 0; 1, 0; 1, 0; 1, 0; 1, 0; 2, 0; 2, 79; 1, 0; 
1, 0; 1, 0; 1, 0; 1, 0; 1, 0; 1, 0; 1, 0; 1, 0; 2, 0; 2, 0; 1, 0; 
1, 0; 1, 0; 1, 0; 1, 0; 1, 0; 1, 0; 1, 0; 1, 0; 2, 0; 2, 2; 1, 0; 
1, 0; 1, 0; 1, 0; 1, 0; 1, 0; 1, 0; 1, 0; 1, 0; 2, 0; 2, 0; 1, 0; 
1, 0; 1, 0; 1, 0; 1, 0; 1, 0; 1, 0; 1, 0; 1, 0; 2, 2; 2, 32; 1, 0; 
1, 0; 2, 142; 2, 107; 2, 113; 2, 107; 2, 107; 2, 146; 1, 0; 2, 0; 2, 4; 1, 0; 
1, 0; 1, 0; 1, 0; 1, 0; 1, 0; 1, 0; 1, 0; 1, 0; 2, 0; 2, 0; 1, 0; 
1, 0; 1, 0; 1, 0; 1, 0; 1, 0; 1, 0; 1, 0; 1, 0; 2, 0; 2, 0; 1, 0; 
1, 0; 1, 0; 1, 0; 1, 0; 1, 0; 1, 0; 1, 0; 1, 0; 2, 0; 2, 6; 1, 0; 
1, 0; 1, 0; 1, 0; 1, 0; 1, 0; 1, 0; 1, 0; 1, 0; 2, 0; 2, 46; 1, 0; 
1, 0; 2, 154; 2, 107; 2, 105; 2, 107; 2, 105; 2, 109; 1, 0; 2, 0; 2, 4; 1, 0; 
1, 0; 1, 0; 1, 0; 1, 0; 1, 0; 1, 0; 1, 0; 1, 0; 2, 0; 2, 0; 1, 0; 
1, 0; 1, 0; 1, 0; 1, 0; 1, 0; 1, 0; 1, 0; 1, 0; 2, 0; 2, 0; 1, 0; 
1, 0; 1, 0; 1, 0; 1, 0; 1, 0; 1, 0; 1, 0; 1, 0; 2, 0; 2, 0; 1, 0; 
1, 0; 1, 0; 1, 0; 1, 0; 1, 0; 1, 0; 1, 0; 1, 0; 2, 0; 2, 0; 1, 0; 
1, 0; 1, 0; 1, 0; 1, 0; 1, 0; 1, 0; 1, 0; 1, 0; 2, 0; 2, 0; 1, 0; 
1, 0; 1, 0; 1, 0; 1, 0; 1, 0; 1, 0; 1, 0; 1, 0; 2, 2; 2, 22; 1, 0; 
1, 0; 2, 141; 2, 113; 2, 107; 2, 142; 2, 107; 2, 105; 2, 107; 2, 0; 1, 0; 1, 0; 
1, 0; 1, 0; 1, 0; 1, 0; 1, 0; 1, 0; 1, 0; 1, 0; 2, 0; 2, 0; 1, 0; 
1, 0; 1, 0; 1, 0; 1, 0; 1, 0; 1, 0; 1, 0; 1, 0; 2, 0; 2, 0; 1, 0; 
