0, 0, 0, 744, 396, 396, 430, 512, 468, 404, 410, 584, 410, 408, 468, 514, 336, 164, 0, 53, 0, 2, 0, 0, 0, 
0, 0, 746, 404, 396, 396, 519, 528, 444, 428, 402, 400, 485, 410, 418, 448, 428, 137, 36, 0, 6, 0, 0, 0, 
0, 0, 0, 932, 404, 396, 482, 486, 448, 453, 453, 600, 414, 432, 469, 429, 231, 123, 0, 38, 0, 18, 0, 0, 0, 
0, 0, 946, 400, 396, 457, 530, 482, 434, 404, 447, 424, 404, 424, 437, 459, 241, 0, 36, 0, 2, 0, 0, 0, 
0, 0, 0, 947, 456, 581, 524, 492, 404, 416, 408, 635, 404, 434, 438, 498, 403, 0, 0, 0, 0, 0, 0, 0, 0, 
0, 0, 0, 936, 408, 439, 504, 458, 431, 410, 416, 598, 452, 464, 450, 435, 107, 133, 0, 36, 0, 18, 0, 0, 0, 0, 
0, 0, 0, 642, 404, 418, 408, 499, 453, 439, 416, 586, 412, 481, 446, 453, 204, 0, 0, 16, 0, 0, 0, 0, 0, 0, 0, 
0, 0, 0, 841, 446, 567, 522, 466, 464, 430, 406, 643, 402, 400, 483, 461, 216, 6, 0, 0, 0, 0, 0, 0, 0, 
0, 0, 0, 782, 404, 398, 423, 502, 500, 434, 404, 512, 404, 416, 426, 462, 416, 148, 0, 38, 0, 4, 0, 0, 0, 
0, 0, 948, 404, 404, 472, 481, 452, 432, 438, 440, 524, 412, 426, 441, 474, 218, 0, 36, 0, 4, 0, 0, 0, 
0, 0, 0, 872, 414, 516, 510, 508, 440, 412, 404, 475, 410, 402, 406, 418, 466, 34, 2, 26, 0, 0, 0, 0, 0, 
0, 0, 0, 770, 398, 400, 410, 478, 522, 494, 453, 410, 410, 410, 406, 406, 440, 186, 0, 51, 0, 4, 0, 0, 0, 
0, 0, 876, 404, 404, 430, 502, 497, 472, 412, 414, 538, 404, 434, 436, 420, 360, 103, 119, 0, 2, 0, 0, 0, 
0, 0, 0, 958, 420, 510, 498, 466, 432, 430, 404, 547, 424, 431, 418, 451, 353, 57, 0, 38, 0, 18, 0, 0, 0, 
0, 0, 0, 754, 396, 396, 404, 474, 528, 482, 406, 412, 406, 404, 420, 430, 452, 176, 0, 51, 0, 4, 0, 0, 0, 
0, 0, 0, 0, 410, 430, 412, 408, 454, 492, 439, 445, 445, 429, 408, 442, 453, 0, 0, 12, 0, 2, 0, 0, 0, 0, 
0, 0, 0, 928, 406, 447, 486, 494, 470, 446, 400, 449, 412, 408, 464, 456, 392, 61, 0, 34, 0, 4, 0, 0, 0, 
0, 0, 0, 760, 404, 404, 410, 480, 488, 466, 439, 431, 420, 402, 414, 410, 408, 178, 0, 51, 0, 4, 0, 0, 0, 
0, 0, 0, 0, 406, 432, 430, 430, 478, 507, 434, 416, 414, 406, 396, 460, 497, 0, 0, 16, 0, 0, 0, 0, 0, 
0, 0, 0, 442, 833, 410, 436, 416, 404, 408, 418, 490, 479, 526, 482, 450, 345, 235, 121, 0, 0, 77, 0, 0, 0, 0, 
0, 0, 0, 710, 396, 410, 410, 515, 530, 436, 396, 451, 400, 402, 432, 470, 399, 178, 0, 16, 0, 4, 0, 0, 0, 
0, 0, 736, 396, 406, 414, 430, 490, 498, 437, 433, 414, 404, 400, 436, 448, 421, 105, 158, 0, 4, 0, 0, 0, 0, 
0, 0, 0, 582, 1155, 478, 428, 400, 404, 406, 424, 574, 422, 471, 516, 468, 212, 101, 0, 0, 0, 77, 0, 0, 0, 0, 
0, 0, 0, 0, 781, 757, 616, 459, 430, 430, 437, 408, 494, 456, 463, 425, 470, 138, 0, 2, 0, 4, 0, 0, 0, 
0, 180, 0, 398, 428, 410, 408, 410, 416, 443, 485, 515, 416, 434, 441, 429, 332, 212, 121, 0, 2, 2, 0, 0, 0, 
0, 0, 0, 592, 630, 582, 512, 489, 435, 404, 398, 406, 453, 406, 426, 443, 466, 210, 103, 105, 0, 0, 10, 0, 0, 0, 0, 
0, 0, 0, 795, 627, 605, 499, 448, 408, 400, 414, 463, 429, 452, 447, 396, 218, 0, 2, 0, 0, 2, 0, 0, 0, 
0, 0, 0, 729, 927, 666, 447, 412, 398, 406, 398, 641, 410, 418, 476, 472, 467, 0, 2, 0, 2, 41, 0, 0, 0, 
0, 0, 0, 682, 909, 628, 472, 416, 396, 406, 400, 476, 459, 435, 464, 445, 307, 103, 0, 2, 0, 57, 0, 0, 0, 0, 
0, 0, 0, 734, 396, 396, 435, 528, 509, 408, 404, 467, 400, 408, 438, 519, 423, 162, 0, 38, 0, 4, 0, 0, 0, 
0, 0, 0, 848, 404, 404, 426, 416, 445, 495, 476, 431, 431, 440, 447, 412, 404, 224, 101, 261, 0, 4, 0, 0, 0, 0, 
0, 0, 0, 914, 404, 398, 468, 484, 484, 414, 410, 513, 408, 439, 444, 443, 358, 109, 0, 40, 0, 18, 0, 0, 190, 0, 
0, 0, 0, 876, 420, 494, 498, 485, 453, 428, 404, 589, 408, 412, 427, 455, 341, 2, 2, 0, 0, 0, 0, 0, 0, 
0, 0, 0, 851, 422, 449, 469, 491, 472, 446, 433, 462, 442, 449, 412, 420, 299, 147, 0, 38, 2, 0, 0, 0, 0, 0, 
0, 0, 0, 774, 667, 620, 490, 435, 435, 443, 428, 502, 435, 406, 404, 434, 324, 0, 0, 0, 0, 89, 0, 0, 0, 
0, 0, 0, 493, 1053, 443, 428, 410, 396, 410, 396, 473, 406, 555, 433, 404, 318, 133, 136, 0, 0, 87, 0, 0, 0, 0, 
0, 0, 0, 772, 404, 404, 436, 505, 467, 439, 441, 569, 420, 451, 447, 438, 99, 148, 0, 38, 0, 18, 0, 0, 0, 0, 
0, 0, 0, 907, 408, 398, 431, 497, 493, 446, 429, 478, 416, 418, 408, 445, 454, 97, 0, 40, 0, 18, 0, 0, 0, 
0, 0, 0, 861, 547, 618, 510, 466, 410, 414, 402, 597, 400, 400, 436, 478, 477, 0, 2, 0, 0, 0, 0, 0, 0, 0, 
0, 0, 0, 422, 418, 396, 394, 408, 414, 396, 406, 570, 499, 465, 470, 451, 323, 198, 101, 0, 0, 2, 0, 0, 0, 0, 
0, 0, 0, 0, 406, 579, 404, 412, 404, 418, 445, 511, 485, 420, 406, 408, 307, 0, 2, 2, 0, 0, 8, 0, 0, 0, 
0, 0, 0, 782, 404, 392, 411, 459, 525, 474, 426, 412, 412, 406, 402, 406, 440, 140, 0, 36, 0, 4, 0, 0, 0, 0, 
0, 0, 0, 896, 483, 530, 496, 468, 445, 443, 423, 670, 406, 402, 455, 492, 456, 0, 2, 0, 0, 0, 0, 0, 0, 0, 
0, 0, 0, 426, 544, 396, 410, 406, 404, 404, 414, 410, 466, 472, 482, 499, 479, 208, 103, 0, 0, 0, 0, 0, 0, 0, 
0, 0, 0, 716, 396, 396, 416, 482, 503, 462, 430, 439, 402, 404, 414, 444, 480, 152, 0, 34, 0, 6, 0, 0, 0, 0, 0, 
0, 0, 0, 0, 410, 506, 396, 402, 400, 408, 404, 459, 530, 435, 430, 427, 402, 0, 0, 2, 0, 2, 6, 0, 0, 0, 
0, 0, 0, 638, 993, 546, 461, 446, 410, 408, 408, 488, 455, 408, 402, 433, 251, 0, 0, 0, 0, 63, 0, 0, 0, 0, 
0, 0, 0, 909, 396, 396, 416, 499, 516, 433, 398, 400, 400, 408, 400, 404, 398, 103, 0, 38, 0, 4, 0, 0, 0, 
0, 0, 0, 758, 396, 406, 426, 412, 462, 474, 494, 467, 436, 404, 404, 408, 412, 134, 0, 38, 0, 2, 0, 18, 0, 0, 0, 0, 
0, 0, 0, 884, 414, 404, 431, 503, 532, 402, 396, 412, 404, 408, 429, 443, 342, 53, 0, 36, 0, 0, 0, 0, 0, 0, 
