1, 0; 1, 0; 5, 428; 5, 506; 5, 426; 5, 569; 5, 470; 5, 412; 2, 0; 2, 0; 1, 0; 1, 0; 
1, 0; 1, 0; 5, 887; 5, 420; 5, 545; 5, 483; 5, 502; 5, 455; 2, 0; 2, 0; 2, 0; 1, 0; 
1, 0; 5, 789; 5, 430; 5, 422; 5, 442; 5, 432; 5, 418; 5, 481; 3, 123; 2, 0; 2, 0; 2, 0; 2, 0; 2, 2; 2, 0; 2, 0; 2, 0; 2, 0; 2, 0; 2, 0; 1, 0; 1, 0; 
1, 0; 1, 0; 5, 635; 5, 422; 5, 494; 5, 541; 5, 491; 5, 441; 2, 0; 2, 2; 2, 2; 1, 0; 
1, 0; 5, 698; 5, 426; 5, 420; 5, 512; 5, 424; 5, 428; 5, 478; 3, 107; 2, 2; 1, 0; 1, 0; 
1, 0; 1, 0; 5, 440; 5, 537; 5, 418; 5, 602; 5, 464; 5, 422; 2, 2; 2, 0; 1, 0; 1, 0; 
1, 0; 5, 590; 5, 424; 5, 428; 5, 535; 5, 410; 5, 416; 5, 501; 3, 103; 2, 0; 1, 0; 1, 0; 
1, 0; 1, 0; 5, 436; 5, 488; 5, 430; 5, 469; 5, 477; 5, 414; 4, 206; 2, 0; 1, 0; 1, 0; 
1, 0; 1, 0; 5, 430; 5, 475; 5, 424; 5, 542; 5, 449; 5, 437; 2, 0; 2, 0; 1, 0; 1, 0; 
1, 0; 1, 0; 5, 520; 5, 426; 5, 505; 5, 428; 5, 416; 5, 474; 2, 0; 2, 0; 2, 0; 2, 0; 1, 0; 
1, 0; 1, 0; 5, 742; 5, 426; 5, 467; 5, 463; 5, 430; 5, 465; 2, 0; 2, 0; 2, 2; 1, 0; 
1, 0; 1, 0; 5, 1068; 5, 432; 5, 471; 5, 471; 5, 408; 5, 455; 2, 0; 2, 0; 2, 0; 1, 0; 1, 0; 
1, 0; 1, 0; 5, 430; 5, 447; 5, 482; 5, 434; 5, 455; 5, 486; 4, 245; 2, 0; 1, 0; 1, 0; 
1, 0; 1, 0; 5, 424; 5, 512; 5, 410; 5, 446; 5, 497; 5, 416; 4, 212; 2, 2; 1, 0; 1, 0; 
1, 0; 1, 0; 5, 430; 5, 527; 5, 420; 5, 442; 5, 465; 5, 433; 3, 99; 2, 0; 1, 0; 1, 0; 
1, 0; 5, 780; 5, 584; 5, 416; 5, 366; 5, 497; 5, 444; 5, 428; 4, 208; 3, 107; 2, 0; 1, 0; 1, 0; 
1, 0; 5, 797; 5, 555; 5, 444; 5, 469; 5, 475; 5, 412; 5, 457; 3, 111; 2, 0; 1, 0; 1, 0; 
1, 0; 5, 754; 5, 562; 5, 483; 5, 422; 5, 439; 5, 459; 5, 449; 4, 208; 2, 0; 1, 0; 1, 0; 
1, 0; 5, 809; 5, 670; 5, 414; 5, 420; 5, 474; 5, 452; 5, 432; 4, 194; 2, 0; 1, 0; 1, 0; 
1, 0; 1, 0; 5, 1005; 5, 422; 5, 424; 5, 455; 5, 416; 5, 451; 2, 0; 2, 0; 2, 30; 1, 0; 
1, 0; 1, 0; 5, 420; 5, 424; 5, 494; 5, 560; 5, 484; 5, 463; 2, 0; 2, 0; 1, 0; 1, 0; 
1, 0; 1, 0; 5, 422; 5, 454; 5, 435; 5, 521; 5, 527; 5, 443; 2, 0; 2, 0; 1, 0; 1, 0; 
1, 0; 5, 718; 5, 544; 5, 430; 5, 416; 5, 463; 5, 457; 5, 414; 4, 200; 2, 0; 1, 0; 1, 0; 
1, 0; 1, 0; 5, 865; 5, 457; 5, 459; 5, 439; 5, 430; 5, 510; 2, 0; 2, 2; 2, 12; 1, 0; 1, 0; 
1, 0; 1, 0; 5, 430; 5, 485; 5, 500; 5, 449; 5, 455; 5, 441; 2, 0; 2, 0; 1, 0; 1, 0; 
1, 0; 1, 0; 5, 414; 5, 511; 5, 398; 5, 558; 5, 447; 5, 443; 4, 239; 2, 0; 1, 0; 1, 0; 
1, 0; 5, 690; 5, 434; 5, 460; 5, 422; 5, 418; 5, 490; 5, 442; 4, 214; 2, 0; 1, 0; 1, 0; 
1, 0; 5, 658; 5, 424; 5, 434; 5, 420; 5, 465; 5, 453; 5, 418; 4, 212; 2, 0; 1, 0; 1, 0; 
1, 0; 1, 0; 5, 900; 5, 445; 5, 461; 5, 474; 5, 445; 5, 436; 3, 109; 3, 103; 2, 0; 2, 0; 2, 0; 1, 0; 
1, 0; 1, 0; 5, 721; 5, 422; 5, 531; 5, 455; 5, 424; 5, 453; 2, 0; 2, 0; 1, 0; 1, 0; 
1, 0; 1, 0; 5, 1001; 5, 442; 5, 477; 5, 420; 5, 416; 5, 457; 2, 0; 2, 0; 2, 0; 1, 0; 1, 0; 
1, 0; 1, 0; 5, 430; 5, 537; 5, 422; 5, 569; 5, 458; 5, 410; 3, 115; 2, 0; 2, 0; 1, 0; 1, 0; 
1, 0; 5, 816; 5, 652; 5, 424; 5, 420; 5, 548; 5, 414; 5, 414; 3, 138; 2, 0; 1, 0; 1, 0; 
1, 0; 1, 0; 5, 448; 5, 484; 5, 430; 5, 471; 5, 453; 5, 349; 2, 170; 2, 0; 2, 0; 2, 24; 1, 0; 1, 0; 
1, 0; 1, 0; 5, 430; 5, 463; 5, 455; 5, 507; 5, 465; 5, 408; 2, 0; 2, 0; 2, 0; 1, 0; 
1, 0; 1, 0; 5, 931; 5, 432; 5, 511; 5, 420; 5, 411; 5, 485; 2, 0; 2, 0; 2, 0; 1, 0; 1, 0; 
1, 0; 1, 0; 5, 434; 5, 541; 5, 414; 5, 536; 5, 457; 5, 412; 2, 2; 2, 0; 1, 0; 1, 0; 
1, 0; 1, 0; 5, 426; 5, 449; 5, 484; 5, 453; 5, 398; 5, 434; 2, 0; 2, 0; 1, 0; 1, 0; 1, 0; 
1, 0; 1, 0; 5, 601; 5, 345; 5, 434; 5, 548; 5, 366; 4, 315; 3, 44; 2, 0; 1, 0; 1, 0; 1, 0; 1, 0; 
1, 0; 1, 0; 5, 416; 5, 475; 5, 471; 5, 418; 5, 452; 5, 447; 3, 140; 2, 0; 1, 0; 1, 0; 
1, 0; 1, 0; 5, 444; 5, 382; 5, 476; 5, 416; 5, 445; 5, 488; 3, 99; 2, 0; 2, 0; 1, 0; 1, 0; 
1, 0; 1, 0; 5, 422; 5, 428; 5, 470; 5, 418; 5, 496; 5, 428; 1, 0; 2, 0; 2, 2; 1, 0; 
1, 0; 5, 714; 5, 570; 5, 451; 5, 406; 5, 479; 5, 420; 5, 433; 4, 188; 2, 0; 2, 0; 1, 0; 
1, 0; 1, 0; 5, 432; 5, 434; 5, 494; 5, 509; 5, 451; 5, 412; 4, 150; 3, 105; 1, 0; 1, 0; 
1, 0; 1, 0; 5, 706; 5, 426; 5, 461; 5, 438; 5, 449; 5, 420; 4, 315; 2, 2; 2, 0; 2, 0; 1, 0; 1, 0; 
1, 0; 1, 0; 5, 907; 5, 426; 5, 457; 5, 484; 5, 416; 5, 412; 2, 0; 2, 0; 2, 0; 1, 0; 1, 0; 
1, 0; 1, 0; 5, 428; 5, 426; 5, 508; 5, 430; 5, 412; 5, 536; 1, 0; 2, 0; 2, 0; 1, 0; 1, 0; 
1, 0; 1, 0; 5, 1006; 5, 420; 5, 418; 5, 534; 5, 414; 5, 412; 2, 0; 2, 0; 2, 0; 1, 0; 1, 0; 
1, 0; 1, 0; 5, 428; 5, 426; 5, 478; 5, 480; 5, 422; 5, 416; 3, 267; 2, 2; 2, 2; 2, 2; 2, 0; 2, 0; 2, 0; 2, 0; 1, 0; 
1, 0; 1, 0; 5, 1119; 5, 315; 5, 420; 5, 436; 5, 331; 5, 295; 4, 107; 4, 214; 3, 105; 2, 0; 2, 0; 1, 0; 1, 0; 
1, 0; 1, 0; 5, 660; 5, 434; 5, 432; 5, 526; 5, 426; 5, 474; 2, 71; 2, 0; 2, 79; 1, 0; 
1, 0; 1, 0; 5, 566; 5, 440; 5, 395; 5, 422; 5, 495; 5, 453; 3, 132; 2, 0; 2, 0; 2, 0; 2, 0; 1, 0; 
1, 0; 1, 0; 5, 530; 5, 422; 5, 456; 5, 416; 5, 414; 5, 481; 2, 0; 2, 0; 1, 0; 1, 0; 
1, 0; 1, 0; 5, 578; 5, 374; 5, 407; 5, 422; 5, 420; 5, 504; 3, 105; 3, 75; 2, 0; 2, 0; 2, 0; 1, 0; 
1, 0; 1, 0; 5, 447; 5, 500; 5, 331; 5, 421; 5, 492; 5, 430; 5, 311; 3, 146; 2, 0; 2, 0; 1, 0; 1, 0; 
1, 0; 1, 0; 5, 781; 5, 328; 5, 440; 5, 414; 5, 445; 5, 481; 3, 105; 2, 0; 1, 0; 1, 0; 
1, 0; 1, 0; 5, 601; 5, 416; 5, 515; 5, 428; 5, 434; 5, 355; 3, 103; 2, 0; 1, 0; 1, 0; 
1, 0; 5, 702; 5, 498; 5, 451; 5, 426; 5, 547; 5, 420; 5, 465; 3, 103; 2, 0; 1, 0; 1, 0; 
1, 0; 1, 0; 5, 1122; 5, 428; 5, 467; 5, 416; 5, 455; 5, 428; 2, 0; 2, 0; 2, 0; 1, 0; 
1, 0; 5, 644; 5, 420; 5, 424; 5, 479; 5, 441; 5, 410; 5, 440; 3, 109; 2, 0; 1, 0; 1, 0; 
1, 0; 1, 0; 5, 1056; 5, 412; 5, 435; 5, 380; 5, 404; 5, 488; 2, 0; 2, 0; 2, 0; 1, 0; 
1, 0; 1, 0; 5, 599; 5, 414; 5, 506; 5, 455; 5, 424; 5, 479; 2, 2; 2, 0; 2, 2; 1, 0; 1, 0; 
1, 0; 5, 728; 5, 428; 5, 370; 5, 404; 5, 420; 5, 360; 5, 405; 4, 196; 3, 107; 3, 103; 2, 2; 2, 0; 2, 2; 1, 0; 
1, 0; 1, 0; 5, 410; 5, 430; 5, 477; 5, 529; 5, 442; 5, 449; 2, 0; 2, 0; 1, 0; 1, 0; 
1, 0; 1, 0; 5, 319; 5, 405; 5, 463; 5, 492; 5, 508; 5, 341; 3, 109; 3, 140; 1, 0; 1, 0; 1, 0; 
1, 0; 5, 631; 5, 440; 5, 416; 5, 482; 5, 461; 5, 449; 4, 345; 3, 134; 2, 0; 1, 0; 1, 0; 
1, 0; 1, 0; 5, 434; 5, 529; 5, 416; 5, 492; 5, 517; 5, 424; 4, 210; 2, 0; 1, 0; 1, 0; 
1, 0; 1, 0; 5, 438; 5, 550; 5, 422; 5, 499; 5, 507; 5, 418; 4, 208; 2, 0; 1, 0; 1, 0; 
1, 0; 1, 0; 5, 430; 5, 436; 5, 473; 5, 554; 5, 465; 5, 420; 4, 220; 2, 0; 1, 0; 1, 0; 
1, 0; 1, 0; 5, 424; 5, 430; 5, 522; 5, 548; 5, 487; 5, 418; 2, 0; 2, 0; 1, 0; 1, 0; 
1, 0; 1, 0; 5, 720; 5, 424; 5, 520; 5, 634; 5, 509; 5, 426; 2, 0; 2, 0; 2, 0; 1, 0; 
1, 0; 5, 710; 5, 432; 5, 418; 5, 519; 5, 422; 5, 426; 5, 500; 3, 103; 2, 0; 1, 0; 1, 0; 
1, 0; 1, 0; 5, 430; 5, 556; 5, 414; 5, 509; 5, 495; 5, 416; 4, 206; 2, 0; 1, 0; 1, 0; 
1, 0; 1, 0; 5, 436; 5, 443; 5, 496; 5, 545; 5, 513; 5, 430; 4, 224; 2, 0; 1, 0; 1, 0; 
1, 0; 1, 0; 5, 428; 5, 428; 5, 517; 5, 469; 5, 443; 5, 464; 2, 0; 2, 2; 1, 0; 1, 0; 
1, 0; 1, 0; 5, 606; 5, 416; 5, 527; 5, 514; 5, 451; 5, 455; 2, 0; 2, 0; 2, 2; 1, 0; 
1, 0; 5, 574; 5, 424; 5, 426; 5, 513; 5, 424; 5, 449; 4, 330; 3, 105; 2, 0; 1, 0; 1, 0; 
1, 0; 1, 0; 5, 434; 5, 546; 5, 426; 5, 455; 5, 430; 5, 424; 4, 218; 2, 0; 1, 0; 1, 0; 
1, 0; 1, 0; 5, 416; 5, 443; 5, 437; 5, 467; 5, 540; 5, 475; 4, 212; 2, 0; 1, 0; 1, 0; 
1, 0; 1, 0; 5, 422; 5, 416; 5, 482; 5, 492; 5, 451; 5, 424; 2, 0; 2, 2; 1, 0; 1, 0; 
1, 0; 1, 0; 5, 617; 5, 420; 5, 518; 5, 580; 5, 487; 5, 455; 2, 0; 2, 0; 2, 2; 1, 0; 
1, 0; 5, 688; 5, 424; 5, 428; 5, 476; 5, 412; 5, 442; 4, 387; 3, 109; 2, 0; 1, 0; 1, 0; 
1, 0; 1, 0; 5, 440; 5, 512; 5, 420; 5, 412; 5, 424; 5, 420; 4, 206; 2, 0; 1, 0; 1, 0; 
1, 0; 1, 0; 5, 428; 5, 514; 5, 416; 5, 469; 5, 579; 5, 420; 4, 243; 2, 0; 1, 0; 1, 0; 
1, 0; 1, 0; 5, 422; 5, 414; 5, 513; 5, 476; 5, 416; 5, 461; 2, 0; 2, 0; 1, 0; 1, 0; 
1, 0; 1, 0; 5, 471; 5, 428; 5, 527; 5, 457; 5, 422; 5, 531; 2, 2; 2, 0; 1, 0; 1, 0; 
1, 0; 1, 0; 5, 520; 5, 422; 5, 504; 5, 435; 5, 412; 5, 453; 2, 0; 2, 0; 1, 0; 1, 0; 
1, 0; 1, 0; 5, 640; 5, 414; 5, 500; 5, 497; 5, 472; 5, 447; 2, 0; 2, 0; 1, 0; 1, 0; 
