1, 0; 1, 0; 5, 448; 5, 449; 5, 410; 5, 443; 5, 437; 5, 476; 2, 140; 2, 0; 1, 0; 1, 0; 
1, 0; 1, 0; 5, 440; 5, 428; 5, 516; 5, 410; 5, 445; 5, 478; 4, 214; 2, 0; 1, 0; 1, 0; 
1, 0; 1, 0; 5, 615; 5, 420; 5, 496; 5, 449; 5, 416; 5, 470; 2, 0; 2, 0; 2, 0; 2, 0; 2, 0; 2, 0; 2, 0; 2, 0; 2, 0; 2, 0; 2, 0; 2, 0; 1, 0; 1, 0; 
1, 0; 1, 0; 5, 432; 5, 412; 5, 486; 5, 499; 5, 461; 5, 418; 4, 227; 2, 0; 1, 0; 1, 0; 
1, 0; 1, 0; 5, 496; 5, 416; 5, 496; 5, 449; 5, 410; 5, 445; 2, 2; 2, 0; 1, 0; 1, 0; 
1, 0; 1, 0; 5, 414; 5, 518; 5, 418; 5, 493; 5, 418; 5, 470; 2, 194; 2, 18; 1, 0; 1, 0; 
1, 0; 1, 0; 5, 428; 5, 420; 5, 496; 5, 521; 5, 447; 5, 478; 2, 0; 2, 0; 1, 0; 1, 0; 
1, 0; 1, 0; 5, 450; 5, 457; 5, 414; 5, 480; 5, 488; 5, 457; 2, 79; 2, 0; 2, 85; 1, 0; 
1, 0; 1, 0; 5, 424; 5, 552; 5, 423; 5, 429; 5, 466; 5, 410; 2, 162; 2, 0; 1, 0; 1, 0; 
1, 0; 1, 0; 5, 418; 5, 424; 5, 517; 5, 422; 5, 493; 5, 501; 4, 208; 2, 0; 1, 0; 1, 0; 1, 0; 
1, 0; 1, 0; 5, 439; 5, 416; 5, 540; 5, 417; 5, 455; 5, 526; 4, 210; 2, 0; 1, 0; 1, 0; 
1, 0; 1, 0; 5, 471; 5, 418; 5, 481; 5, 498; 5, 439; 5, 433; 4, 210; 2, 0; 1, 0; 1, 0; 
1, 0; 1, 0; 5, 426; 5, 439; 5, 465; 5, 418; 5, 500; 5, 433; 1, 0; 2, 55; 2, 0; 1, 0; 
1, 0; 1, 0; 5, 446; 5, 480; 5, 317; 5, 460; 5, 470; 5, 412; 3, 213; 2, 0; 2, 85; 1, 0; 
1, 0; 1, 0; 5, 438; 5, 501; 5, 422; 5, 445; 5, 447; 5, 443; 2, 140; 2, 0; 2, 71; 1, 0; 
1, 0; 1, 0; 5, 548; 5, 441; 5, 410; 5, 509; 5, 415; 5, 455; 2, 0; 2, 0; 2, 0; 2, 0; 1, 0; 
1, 0; 1, 0; 5, 896; 5, 426; 5, 419; 5, 525; 5, 420; 5, 420; 2, 0; 2, 0; 2, 0; 1, 0; 
1, 0; 1, 0; 5, 658; 5, 442; 5, 418; 5, 437; 5, 480; 5, 446; 2, 0; 2, 0; 2, 4; 1, 0; 
1, 0; 1, 0; 5, 885; 5, 422; 5, 420; 5, 540; 5, 411; 5, 418; 2, 0; 2, 0; 2, 0; 1, 0; 
1, 0; 1, 0; 5, 576; 5, 416; 5, 453; 5, 445; 5, 495; 5, 448; 4, 233; 2, 0; 1, 0; 1, 0; 
1, 0; 1, 0; 5, 441; 5, 493; 5, 424; 5, 572; 5, 503; 5, 453; 4, 211; 2, 0; 1, 0; 1, 0; 
1, 0; 1, 0; 5, 426; 5, 416; 5, 431; 5, 529; 5, 503; 5, 490; 4, 212; 2, 0; 1, 0; 1, 0; 
1, 0; 1, 0; 5, 582; 5, 431; 5, 410; 5, 451; 5, 416; 5, 452; 2, 4; 2, 2; 2, 61; 1, 0; 
1, 0; 1, 0; 5, 754; 5, 422; 5, 424; 5, 453; 5, 442; 5, 459; 4, 206; 2, 0; 1, 0; 1, 0; 1, 0; 
1, 0; 1, 0; 5, 422; 5, 474; 5, 449; 5, 486; 5, 443; 5, 445; 3, 209; 2, 59; 2, 2; 1, 0; 
1, 0; 1, 0; 5, 394; 5, 513; 5, 422; 5, 412; 5, 463; 5, 455; 4, 304; 2, 0; 2, 83; 1, 0; 
1, 0; 1, 0; 5, 516; 5, 430; 5, 420; 5, 419; 5, 515; 5, 430; 2, 12; 2, 0; 2, 67; 1, 0; 
1, 0; 1, 0; 5, 446; 5, 545; 5, 412; 5, 443; 5, 435; 5, 426; 2, 59; 2, 0; 2, 79; 1, 0; 
1, 0; 1, 0; 5, 706; 5, 425; 5, 325; 5, 496; 5, 416; 5, 412; 6, 435; 3, 103; 2, 0; 2, 0; 2, 0; 2, 55; 
1, 0; 1, 0; 5, 424; 5, 420; 5, 522; 5, 408; 5, 424; 5, 463; 4, 212; 2, 0; 1, 0; 1, 0; 
1, 0; 1, 0; 5, 496; 5, 426; 5, 428; 5, 439; 5, 412; 5, 414; 4, 235; 2, 0; 1, 0; 1, 0; 1, 0; 
1, 0; 1, 0; 5, 424; 5, 391; 5, 439; 5, 337; 5, 457; 5, 457; 3, 322; 2, 0; 2, 41; 1, 0; 1, 0; 
1, 0; 1, 0; 5, 855; 5, 412; 5, 420; 5, 524; 5, 418; 5, 418; 2, 0; 2, 0; 2, 0; 1, 0; 
1, 0; 1, 0; 5, 450; 5, 377; 5, 418; 5, 420; 5, 449; 5, 431; 5, 352; 4, 204; 2, 2; 2, 0; 1, 0; 1, 0; 
1, 0; 1, 0; 5, 412; 5, 484; 5, 437; 5, 463; 5, 448; 5, 449; 3, 210; 2, 42; 2, 0; 1, 0; 
1, 0; 1, 0; 5, 529; 5, 406; 5, 426; 5, 441; 5, 455; 5, 339; 4, 201; 3, 105; 1, 0; 1, 0; 1, 0; 
1, 0; 1, 0; 5, 542; 5, 525; 5, 412; 5, 433; 5, 505; 5, 422; 5, 340; 2, 0; 1, 0; 1, 0; 
1, 0; 1, 0; 5, 434; 5, 437; 5, 465; 5, 459; 5, 455; 5, 486; 4, 210; 2, 0; 1, 0; 1, 0; 1, 0; 
1, 0; 1, 0; 5, 408; 5, 531; 5, 405; 5, 522; 5, 495; 5, 410; 4, 206; 2, 0; 2, 0; 1, 0; 1, 0; 
1, 0; 1, 0; 5, 796; 5, 416; 5, 459; 5, 486; 5, 416; 5, 447; 3, 136; 2, 2; 2, 18; 1, 0; 
1, 0; 1, 0; 5, 416; 5, 558; 5, 420; 5, 416; 5, 557; 5, 443; 4, 315; 3, 87; 2, 81; 1, 0; 1, 0; 
1, 0; 1, 0; 5, 484; 5, 414; 5, 424; 5, 502; 5, 422; 5, 420; 3, 140; 2, 0; 2, 53; 1, 0; 
1, 0; 1, 0; 5, 627; 5, 418; 5, 474; 5, 486; 5, 426; 5, 416; 2, 0; 2, 0; 2, 0; 1, 0; 
1, 0; 1, 0; 5, 447; 5, 560; 5, 414; 5, 412; 5, 458; 5, 451; 2, 0; 2, 2; 2, 20; 1, 0; 
1, 0; 1, 0; 5, 418; 5, 489; 5, 462; 5, 374; 5, 457; 5, 428; 4, 309; 4, 251; 2, 0; 2, 0; 2, 30; 1, 0; 
1, 0; 1, 0; 5, 412; 5, 470; 5, 410; 5, 420; 5, 521; 5, 418; 2, 134; 2, 57; 2, 0; 1, 0; 1, 0; 
1, 0; 1, 0; 5, 804; 5, 416; 5, 412; 5, 408; 5, 455; 5, 414; 3, 103; 2, 0; 2, 16; 1, 0; 1, 0; 
1, 0; 1, 0; 5, 414; 5, 474; 5, 412; 5, 327; 5, 378; 5, 488; 3, 208; 3, 150; 2, 0; 1, 0; 1, 0; 
1, 0; 1, 0; 5, 384; 5, 386; 5, 362; 5, 455; 5, 429; 5, 476; 5, 410; 4, 83; 4, 22; 3, 0; 3, 14; 3, 22; 2, 0; 2, 0; 1, 0; 
1, 0; 1, 0; 5, 440; 5, 412; 5, 512; 5, 424; 5, 463; 5, 455; 1, 0; 2, 0; 2, 4; 2, 0; 2, 12; 1, 0; 
1, 0; 1, 0; 5, 519; 5, 422; 5, 472; 5, 492; 5, 484; 5, 424; 3, 134; 2, 0; 1, 0; 1, 0; 
1, 0; 1, 0; 5, 431; 5, 158; 5, 318; 5, 433; 5, 443; 5, 312; 6, 189; 3, 103; 3, 107; 2, 0; 1, 0; 1, 0; 
1, 0; 1, 0; 5, 444; 5, 446; 5, 486; 5, 510; 5, 458; 5, 449; 3, 154; 2, 0; 1, 0; 1, 0; 
1, 0; 1, 0; 5, 422; 5, 486; 5, 428; 5, 413; 5, 398; 5, 178; 3, 105; 3, 22; 2, 0; 2, 0; 1, 0; 1, 0; 
1, 0; 1, 0; 5, 442; 5, 474; 5, 296; 5, 315; 5, 499; 5, 335; 5, 383; 4, 270; 2, 0; 2, 0; 2, 0; 1, 0; 
1, 0; 1, 0; 5, 432; 5, 405; 5, 537; 5, 433; 5, 435; 5, 348; 4, 241; 2, 0; 1, 0; 1, 0; 
1, 0; 1, 0; 5, 420; 5, 517; 5, 416; 5, 582; 5, 474; 5, 451; 3, 132; 2, 2; 1, 0; 1, 0; 
1, 0; 1, 0; 5, 965; 5, 425; 5, 410; 5, 511; 5, 424; 5, 454; 2, 0; 2, 0; 2, 0; 1, 0; 
1, 0; 1, 0; 5, 428; 5, 426; 5, 478; 5, 567; 5, 470; 5, 456; 2, 0; 2, 0; 1, 0; 1, 0; 
1, 0; 1, 0; 5, 422; 5, 402; 5, 451; 5, 642; 5, 503; 5, 459; 2, 0; 2, 0; 1, 0; 1, 0; 
1, 0; 1, 0; 5, 422; 5, 424; 5, 484; 5, 502; 5, 426; 5, 445; 2, 0; 2, 0; 1, 0; 1, 0; 
1, 0; 1, 0; 5, 426; 5, 476; 5, 439; 5, 577; 5, 468; 5, 409; 3, 107; 2, 0; 1, 0; 1, 0; 
1, 0; 1, 0; 5, 408; 5, 420; 5, 463; 5, 582; 5, 443; 5, 409; 2, 2; 2, 0; 2, 0; 2, 0; 2, 0; 2, 0; 1, 0; 
1, 0; 1, 0; 5, 440; 5, 468; 5, 473; 5, 455; 5, 457; 5, 457; 3, 103; 2, 0; 1, 0; 1, 0; 
1, 0; 1, 0; 5, 410; 5, 525; 5, 416; 5, 660; 5, 460; 5, 422; 3, 105; 2, 0; 2, 4; 2, 176; 
1, 0; 1, 0; 5, 465; 5, 428; 5, 484; 5, 561; 5, 455; 4, 346; 2, 0; 2, 0; 1, 0; 1, 0; 
1, 0; 1, 0; 5, 690; 5, 461; 5, 428; 5, 474; 5, 426; 5, 484; 3, 95; 2, 2; 2, 20; 1, 0; 
1, 0; 1, 0; 5, 440; 5, 494; 5, 418; 5, 504; 5, 414; 5, 468; 2, 132; 2, 0; 2, 83; 1, 0; 
1, 0; 1, 0; 5, 422; 5, 560; 5, 414; 5, 474; 5, 424; 5, 439; 2, 182; 2, 34; 2, 0; 1, 0; 
1, 0; 1, 0; 5, 420; 5, 530; 5, 420; 5, 522; 5, 482; 5, 414; 3, 105; 2, 0; 1, 0; 1, 0; 
1, 0; 1, 0; 5, 426; 5, 496; 5, 412; 5, 654; 5, 487; 5, 414; 2, 0; 2, 2; 1, 0; 1, 0; 
1, 0; 1, 0; 5, 422; 5, 414; 5, 485; 5, 596; 5, 418; 4, 315; 2, 0; 2, 0; 1, 0; 1, 0; 
1, 0; 1, 0; 5, 430; 5, 478; 5, 422; 5, 475; 5, 420; 5, 416; 2, 119; 2, 0; 2, 79; 1, 0; 
1, 0; 1, 0; 5, 422; 5, 553; 5, 408; 5, 466; 5, 422; 5, 431; 2, 186; 2, 53; 2, 10; 1, 0; 
1, 0; 1, 0; 5, 443; 5, 527; 5, 422; 5, 524; 5, 457; 5, 447; 3, 134; 2, 0; 1, 0; 1, 0; 
1, 0; 1, 0; 5, 436; 5, 484; 5, 412; 5, 623; 5, 511; 5, 443; 2, 0; 2, 0; 1, 0; 1, 0; 
1, 0; 1, 0; 5, 422; 5, 420; 5, 443; 5, 591; 5, 484; 5, 438; 2, 0; 2, 0; 1, 0; 1, 0; 
1, 0; 1, 0; 5, 486; 5, 414; 5, 424; 5, 484; 5, 424; 5, 466; 2, 73; 2, 0; 2, 77; 1, 0; 
1, 0; 1, 0; 5, 426; 5, 556; 5, 414; 5, 455; 5, 458; 5, 459; 2, 184; 2, 36; 2, 0; 1, 0; 
1, 0; 1, 0; 5, 426; 5, 528; 5, 420; 5, 598; 5, 472; 5, 412; 3, 138; 2, 0; 1, 0; 1, 0; 
1, 0; 1, 0; 5, 424; 5, 418; 5, 467; 5, 505; 5, 454; 5, 445; 2, 0; 2, 0; 1, 0; 1, 0; 
1, 0; 1, 0; 5, 412; 5, 418; 5, 478; 5, 432; 5, 412; 4, 350; 2, 0; 2, 0; 1, 0; 1, 0; 
1, 0; 1, 0; 5, 566; 5, 422; 5, 412; 5, 545; 5, 426; 5, 488; 2, 22; 2, 0; 2, 69; 1, 0; 
1, 0; 1, 0; 5, 420; 5, 554; 5, 424; 5, 453; 5, 439; 5, 412; 2, 178; 2, 0; 2, 55; 1, 0; 
1, 0; 1, 0; 5, 424; 5, 544; 5, 420; 5, 577; 5, 506; 5, 416; 3, 105; 2, 0; 1, 0; 1, 0; 
1, 0; 1, 0; 5, 430; 5, 428; 5, 457; 5, 485; 5, 484; 5, 406; 3, 134; 2, 0; 1, 0; 1, 0; 
1, 0; 1, 0; 5, 432; 5, 418; 5, 464; 5, 502; 5, 443; 5, 460; 3, 105; 3, 85; 1, 0; 1, 0; 
1, 0; 1, 0; 5, 412; 5, 451; 5, 463; 5, 442; 5, 437; 5, 429; 2, 0; 2, 0; 1, 0; 1, 0; 
