0, 0, 0, 380, 40, 119, 206, 206, 0, 0, 210, 170, 36, 235, 148, 206, 142, 191, 119, 96, 52, 51, 14, 24, 99, 64, 0, 243, 202, 69, 39, 12, 0, 0, 0, 0, 0, 0, 2, 0, 0, 0, 0, 0, 0, 
0, 0, 0, 383, 198, 198, 212, 109, 198, 221, 245, 247, 302, 212, 208, 101, 210, 347, 0, 28, 0, 4, 0, 0, 0, 
0, 0, 0, 354, 225, 495, 0, 192, 210, 206, 206, 204, 204, 243, 206, 212, 220, 348, 233, 42, 0, 4, 0, 2, 0, 2, 0, 0, 0, 0, 0, 
0, 0, 0, 0, 206, 585, 180, 148, 178, 170, 137, 198, 138, 126, 202, 198, 103, 20, 61, 99, 99, 91, 128, 113, 0, 2, 0, 0, 0, 0, 0, 
0, 0, 0, 0, 212, 202, 202, 210, 99, 109, 202, 234, 269, 202, 323, 212, 108, 111, 130, 0, 101, 0, 0, 83, 0, 0, 0, 0, 0, 
0, 0, 0, 198, 426, 103, 144, 107, 206, 204, 208, 219, 274, 237, 212, 204, 212, 227, 28, 0, 2, 0, 0, 0, 0, 0, 0, 
0, 0, 0, 0, 210, 233, 202, 206, 204, 202, 198, 200, 265, 208, 210, 204, 206, 235, 0, 0, 0, 0, 2, 0, 0, 
0, 0, 0, 0, 206, 198, 198, 202, 210, 115, 239, 210, 202, 249, 210, 206, 241, 140, 126, 2, 0, 0, 14, 0, 0, 
0, 0, 0, 0, 109, 204, 261, 198, 226, 204, 202, 206, 292, 241, 198, 234, 223, 2, 2, 2, 0, 0, 2, 2, 0, 0, 0, 0, 0, 0, 
0, 0, 0, 254, 409, 145, 216, 210, 202, 206, 206, 379, 206, 210, 278, 262, 192, 0, 0, 2, 0, 79, 0, 0, 0, 
0, 0, 0, 0, 212, 198, 198, 204, 212, 202, 202, 208, 364, 247, 243, 249, 252, 132, 0, 0, 0, 0, 0, 0, 0, 
0, 0, 0, 0, 200, 294, 198, 200, 198, 210, 216, 266, 226, 208, 202, 210, 206, 0, 0, 0, 0, 0, 36, 0, 0, 0, 
0, 0, 0, 0, 216, 200, 198, 198, 198, 202, 202, 202, 214, 167, 204, 215, 231, 174, 0, 0, 0, 0, 0, 0, 0, 0, 0, 
0, 0, 0, 0, 260, 537, 229, 188, 202, 202, 192, 208, 231, 237, 258, 247, 101, 0, 0, 0, 2, 0, 0, 0, 
0, 0, 0, 0, 198, 212, 212, 212, 204, 178, 233, 231, 309, 212, 220, 241, 105, 0, 0, 16, 2, 6, 0, 0, 0, 0, 
0, 0, 0, 214, 212, 259, 200, 109, 198, 204, 235, 190, 227, 206, 208, 99, 243, 91, 101, 81, 99, 109, 107, 0, 0, 2, 0, 0, 0, 0, 
0, 0, 0, 202, 214, 198, 202, 198, 204, 231, 212, 208, 226, 231, 227, 101, 0, 0, 0, 2, 0, 0, 0, 0, 
0, 0, 0, 0, 214, 202, 202, 204, 198, 214, 237, 242, 237, 222, 202, 208, 200, 0, 0, 0, 0, 2, 12, 0, 0, 
0, 0, 0, 214, 202, 202, 204, 198, 210, 239, 266, 235, 212, 198, 210, 204, 0, 0, 0, 0, 0, 12, 0, 0, 
0, 0, 0, 0, 212, 196, 202, 202, 202, 239, 260, 231, 204, 204, 206, 234, 123, 0, 0, 0, 0, 0, 0, 0, 0, 
0, 0, 0, 210, 212, 202, 198, 210, 206, 222, 230, 260, 253, 239, 204, 214, 101, 101, 87, 0, 0, 0, 0, 0, 
0, 0, 0, 0, 212, 206, 210, 202, 202, 266, 271, 200, 198, 198, 214, 210, 132, 2, 16, 0, 0, 0, 0, 0, 0, 
0, 184, 0, 218, 214, 208, 202, 198, 239, 262, 225, 225, 340, 218, 202, 208, 107, 107, 0, 0, 0, 8, 0, 0, 
0, 0, 0, 0, 208, 212, 202, 208, 198, 231, 232, 202, 228, 198, 210, 200, 214, 125, 0, 0, 0, 0, 10, 0, 0, 
0, 0, 0, 0, 208, 204, 202, 206, 206, 214, 235, 204, 212, 235, 235, 204, 220, 0, 0, 0, 0, 0, 12, 0, 0, 
0, 0, 0, 216, 202, 202, 204, 202, 210, 233, 270, 239, 208, 200, 206, 208, 0, 0, 0, 0, 2, 6, 0, 0, 
0, 0, 0, 0, 210, 198, 198, 198, 208, 202, 198, 214, 296, 240, 220, 243, 236, 122, 0, 0, 0, 2, 0, 0, 0, 
0, 0, 0, 216, 202, 204, 204, 198, 206, 245, 279, 233, 202, 206, 206, 208, 0, 0, 0, 0, 0, 0, 0, 0, 
0, 0, 0, 0, 214, 204, 198, 202, 202, 239, 262, 233, 202, 204, 204, 204, 101, 0, 0, 0, 0, 0, 0, 0, 0, 
0, 0, 0, 212, 214, 202, 206, 204, 198, 198, 198, 233, 267, 252, 206, 206, 101, 99, 0, 0, 2, 0, 0, 0, 
0, 0, 0, 0, 214, 212, 202, 204, 202, 216, 270, 251, 218, 208, 202, 208, 204, 0, 0, 0, 0, 2, 0, 0, 0, 
0, 0, 0, 214, 214, 202, 202, 206, 202, 218, 236, 227, 236, 231, 228, 202, 109, 109, 95, 0, 2, 0, 0, 0, 
0, 0, 0, 0, 220, 206, 202, 198, 198, 236, 239, 239, 206, 204, 206, 225, 235, 0, 0, 0, 0, 0, 0, 0, 0, 
0, 0, 0, 216, 208, 198, 202, 202, 212, 210, 258, 256, 253, 208, 202, 206, 99, 107, 0, 0, 2, 0, 0, 0, 
0, 0, 0, 0, 214, 210, 202, 202, 204, 212, 198, 230, 245, 247, 237, 210, 212, 0, 0, 0, 0, 0, 0, 0, 0, 
0, 162, 0, 208, 216, 198, 198, 202, 220, 200, 260, 260, 277, 204, 208, 208, 101, 99, 2, 0, 0, 0, 0, 0, 
0, 0, 0, 0, 220, 214, 198, 198, 202, 239, 260, 243, 231, 200, 198, 212, 224, 0, 0, 0, 0, 0, 6, 0, 0, 
0, 182, 0, 216, 212, 198, 204, 204, 228, 246, 262, 237, 285, 202, 210, 198, 103, 107, 0, 0, 0, 8, 0, 0, 
0, 0, 0, 210, 206, 202, 202, 206, 198, 202, 206, 224, 222, 247, 277, 235, 207, 99, 99, 0, 0, 0, 0, 0, 
0, 0, 0, 0, 214, 202, 202, 202, 206, 202, 202, 202, 296, 251, 198, 206, 237, 133, 0, 2, 0, 0, 0, 0, 0, 
0, 0, 0, 212, 208, 198, 198, 214, 202, 200, 206, 227, 234, 224, 210, 200, 109, 128, 134, 0, 0, 0, 0, 0, 
0, 0, 0, 0, 208, 202, 202, 206, 202, 216, 276, 239, 212, 206, 202, 210, 198, 0, 0, 2, 0, 2, 0, 0, 0, 
0, 0, 0, 218, 212, 202, 202, 206, 202, 198, 202, 206, 234, 266, 266, 212, 204, 105, 99, 0, 0, 0, 0, 0, 
0, 0, 0, 0, 214, 202, 202, 200, 198, 210, 202, 216, 245, 237, 241, 206, 105, 0, 2, 0, 0, 0, 0, 0, 0, 
0, 0, 0, 216, 212, 202, 200, 206, 202, 198, 226, 249, 351, 235, 237, 208, 208, 107, 0, 0, 2, 0, 0, 0, 
0, 0, 0, 0, 214, 210, 198, 202, 204, 218, 236, 262, 236, 208, 206, 202, 200, 0, 0, 0, 0, 0, 0, 0, 0, 
0, 0, 0, 214, 212, 198, 202, 206, 214, 237, 225, 202, 204, 202, 200, 212, 101, 117, 135, 0, 0, 0, 0, 0, 0, 
0, 0, 0, 202, 316, 200, 202, 212, 198, 198, 198, 227, 266, 237, 204, 202, 101, 101, 2, 0, 2, 42, 0, 0, 
0, 168, 0, 212, 218, 200, 202, 206, 208, 204, 204, 279, 241, 237, 227, 235, 240, 105, 105, 0, 0, 6, 0, 0, 
0, 0, 0, 0, 220, 208, 212, 204, 226, 251, 249, 220, 208, 208, 202, 237, 180, 0, 0, 0, 0, 0, 6, 0, 0, 
