1, 0; 1, 0; 2, 118; 2, 103; 2, 101; 2, 142; 2, 105; 2, 105; 2, 0; 2, 0; 1, 0; 
1, 0; 1, 0; 2, 109; 2, 138; 2, 109; 2, 103; 2, 103; 2, 148; 2, 2; 2, 0; 1, 0; 1, 0; 
1, 0; 1, 0; 2, 105; 2, 105; 2, 104; 2, 205; 2, 142; 2, 105; 2, 0; 2, 0; 1, 0; 1, 0; 
1, 0; 1, 0; 2, 105; 2, 102; 2, 105; 2, 107; 2, 138; 2, 107; 2, 0; 2, 0; 1, 0; 
1, 0; 1, 0; 2, 115; 2, 107; 2, 125; 2, 105; 2, 103; 2, 128; 2, 0; 2, 0; 1, 0; 1, 0; 
1, 0; 1, 0; 2, 111; 2, 125; 2, 107; 2, 124; 2, 105; 2, 134; 1, 0; 2, 16; 1, 0; 
1, 0; 1, 0; 2, 109; 2, 105; 2, 103; 2, 142; 2, 101; 2, 109; 2, 132; 2, 0; 2, 75; 1, 0; 
1, 0; 1, 0; 2, 116; 2, 148; 2, 105; 2, 107; 2, 105; 2, 107; 2, 2; 2, 0; 1, 0; 1, 0; 
1, 0; 1, 0; 2, 105; 2, 117; 2, 107; 2, 105; 2, 105; 2, 134; 2, 0; 2, 0; 1, 0; 1, 0; 
1, 0; 1, 0; 2, 105; 2, 138; 2, 103; 2, 105; 2, 111; 2, 138; 2, 97; 2, 38; 1, 0; 1, 0; 
1, 0; 1, 0; 2, 107; 2, 109; 2, 111; 2, 136; 2, 105; 2, 128; 2, 190; 2, 0; 2, 26; 1, 0; 
1, 0; 1, 0; 2, 108; 2, 142; 2, 105; 2, 105; 2, 107; 2, 136; 2, 0; 2, 0; 1, 0; 1, 0; 
1, 0; 1, 0; 2, 111; 2, 142; 2, 109; 2, 217; 2, 146; 2, 105; 2, 2; 2, 0; 1, 0; 
1, 0; 1, 0; 2, 107; 2, 120; 2, 105; 2, 107; 2, 103; 2, 134; 2, 0; 2, 0; 1, 0; 
1, 0; 1, 0; 2, 113; 2, 105; 2, 144; 2, 113; 2, 103; 2, 105; 1, 0; 2, 0; 1, 0; 1, 0; 
1, 0; 1, 0; 2, 113; 2, 113; 2, 107; 2, 107; 2, 138; 2, 103; 2, 0; 2, 0; 1, 0; 
1, 0; 1, 0; 2, 113; 2, 105; 2, 107; 2, 122; 2, 107; 2, 136; 2, 2; 2, 0; 1, 0; 
1, 0; 1, 0; 2, 109; 2, 158; 2, 105; 2, 107; 2, 106; 2, 107; 2, 0; 2, 0; 1, 0; 
1, 0; 1, 0; 2, 107; 2, 136; 2, 105; 2, 103; 2, 136; 2, 103; 2, 0; 2, 0; 1, 0; 
1, 0; 1, 0; 2, 107; 2, 121; 2, 105; 2, 105; 2, 142; 2, 111; 1, 0; 2, 24; 1, 0; 1, 0; 
1, 0; 1, 0; 2, 109; 2, 103; 2, 119; 2, 105; 2, 105; 2, 140; 2, 0; 2, 0; 1, 0; 
1, 0; 1, 0; 2, 105; 2, 107; 2, 146; 2, 105; 2, 105; 2, 140; 2, 0; 2, 0; 1, 0; 
1, 0; 1, 0; 2, 105; 2, 105; 2, 117; 2, 126; 2, 109; 2, 107; 2, 0; 2, 0; 1, 0; 
1, 0; 1, 0; 2, 109; 2, 103; 2, 57; 2, 101; 2, 103; 2, 104; 2, 0; 2, 0; 1, 0; 
1, 0; 1, 0; 2, 119; 2, 102; 2, 128; 2, 111; 2, 105; 2, 30; 2, 0; 2, 0; 1, 0; 
1, 0; 1, 0; 2, 111; 2, 107; 2, 134; 2, 105; 2, 103; 2, 140; 2, 0; 2, 0; 1, 0; 
1, 0; 1, 0; 2, 111; 2, 138; 2, 105; 2, 146; 2, 142; 2, 108; 2, 0; 2, 0; 1, 0; 
1, 0; 1, 0; 2, 107; 2, 126; 2, 105; 2, 144; 2, 138; 2, 107; 2, 0; 2, 0; 1, 0; 
1, 0; 1, 0; 2, 105; 2, 105; 2, 107; 2, 107; 2, 103; 2, 136; 2, 0; 2, 0; 1, 0; 
1, 0; 1, 0; 2, 107; 2, 136; 2, 102; 2, 128; 2, 142; 2, 107; 2, 2; 2, 0; 1, 0; 1, 0; 
1, 0; 1, 0; 2, 109; 2, 138; 2, 107; 2, 105; 2, 105; 2, 118; 2, 0; 2, 0; 1, 0; 
1, 0; 1, 0; 2, 188; 2, 105; 2, 105; 2, 119; 2, 107; 2, 102; 2, 0; 2, 77; 1, 0; 1, 0; 
1, 0; 1, 0; 2, 111; 2, 105; 2, 105; 2, 111; 2, 103; 2, 105; 2, 2; 2, 0; 1, 0; 1, 0; 
1, 0; 1, 0; 2, 107; 2, 134; 2, 103; 2, 148; 2, 142; 2, 105; 2, 0; 2, 0; 1, 0; 
1, 0; 1, 0; 2, 107; 2, 138; 2, 107; 2, 146; 2, 142; 2, 105; 2, 0; 2, 0; 1, 0; 
1, 0; 1, 0; 2, 111; 2, 103; 2, 101; 2, 103; 2, 105; 2, 103; 2, 2; 2, 0; 1, 0; 
1, 0; 1, 0; 2, 107; 2, 111; 2, 107; 2, 132; 2, 105; 2, 107; 2, 0; 2, 2; 1, 0; 1, 0; 
1, 0; 1, 0; 2, 105; 2, 105; 2, 128; 2, 105; 2, 103; 2, 134; 2, 0; 2, 0; 1, 0; 1, 0; 
1, 0; 1, 0; 2, 103; 2, 105; 2, 113; 2, 176; 2, 118; 2, 105; 2, 0; 2, 0; 1, 0; 
1, 0; 1, 0; 2, 111; 2, 138; 2, 103; 2, 107; 2, 103; 2, 105; 2, 0; 2, 0; 2, 0; 1, 0; 
1, 0; 1, 0; 2, 251; 2, 105; 2, 113; 2, 101; 2, 103; 2, 136; 2, 2; 2, 0; 1, 0; 
1, 0; 1, 0; 2, 105; 2, 132; 2, 107; 2, 107; 2, 138; 2, 105; 2, 0; 2, 0; 1, 0; 
1, 0; 1, 0; 2, 106; 2, 146; 2, 109; 2, 107; 2, 105; 2, 105; 2, 0; 2, 0; 1, 0; 
1, 0; 1, 0; 2, 105; 2, 146; 2, 105; 2, 103; 2, 103; 2, 103; 2, 0; 2, 0; 1, 0; 
1, 0; 1, 0; 2, 109; 2, 140; 2, 107; 2, 103; 2, 119; 2, 105; 2, 0; 2, 0; 1, 0; 
1, 0; 1, 0; 2, 107; 2, 117; 2, 107; 2, 184; 2, 105; 2, 105; 2, 0; 2, 0; 1, 0; 
1, 0; 1, 0; 2, 113; 2, 107; 2, 121; 2, 101; 2, 103; 2, 103; 2, 0; 2, 0; 1, 0; 
1, 0; 1, 0; 2, 174; 2, 105; 2, 146; 2, 105; 2, 105; 2, 103; 2, 0; 2, 32; 1, 0; 
1, 0; 1, 0; 2, 105; 2, 105; 2, 105; 2, 186; 2, 144; 2, 103; 2, 0; 2, 0; 1, 0; 
1, 0; 1, 0; 2, 120; 2, 105; 2, 144; 2, 135; 2, 119; 2, 103; 2, 0; 2, 12; 1, 0; 
