0, 0, 0, 416, 606, 406, 410, 412, 404, 429, 484, 476, 435, 420, 410, 416, 206, 220, 0, 0, 0, 2, 0, 0, 0, 
0, 0, 0, 702, 1005, 552, 443, 424, 412, 410, 464, 470, 408, 453, 441, 315, 101, 0, 0, 2, 0, 65, 0, 0, 
0, 0, 0, 404, 451, 404, 400, 416, 410, 437, 469, 483, 468, 422, 414, 408, 206, 206, 101, 0, 0, 18, 0, 0, 0, 
0, 0, 0, 652, 789, 570, 460, 406, 404, 412, 414, 645, 453, 467, 418, 350, 128, 0, 0, 0, 2, 8, 0, 0, 
0, 162, 0, 428, 408, 404, 404, 408, 420, 469, 500, 470, 439, 402, 418, 418, 212, 103, 123, 0, 2, 0, 0, 0, 0, 
0, 0, 0, 404, 711, 465, 424, 400, 398, 400, 424, 449, 467, 470, 470, 418, 351, 243, 99, 0, 0, 2, 0, 0, 0, 0, 
0, 0, 0, 566, 805, 557, 452, 406, 402, 410, 408, 492, 429, 529, 434, 474, 357, 128, 142, 0, 4, 0, 0, 0, 0, 0, 
0, 0, 0, 428, 454, 404, 396, 406, 412, 423, 458, 457, 460, 437, 410, 408, 202, 196, 123, 0, 0, 0, 0, 0, 0, 
0, 0, 0, 466, 894, 416, 424, 420, 404, 398, 412, 496, 476, 512, 404, 408, 206, 206, 111, 91, 0, 0, 0, 0, 0, 
0, 0, 0, 688, 985, 522, 482, 452, 433, 414, 400, 426, 466, 441, 410, 402, 208, 0, 0, 0, 0, 34, 0, 0, 
0, 0, 0, 424, 418, 396, 406, 416, 424, 439, 511, 460, 416, 410, 406, 404, 206, 204, 103, 0, 0, 0, 0, 0, 0, 
0, 0, 0, 487, 920, 453, 422, 418, 396, 404, 420, 488, 412, 538, 439, 429, 356, 142, 132, 0, 0, 0, 0, 0, 0, 
0, 0, 0, 743, 828, 660, 463, 410, 404, 404, 416, 793, 435, 412, 462, 487, 223, 2, 0, 0, 0, 87, 0, 0, 
0, 0, 0, 408, 687, 410, 420, 404, 408, 408, 412, 499, 579, 469, 460, 499, 366, 229, 115, 0, 0, 0, 0, 0, 0, 
0, 0, 0, 532, 1067, 485, 440, 400, 408, 404, 416, 473, 418, 453, 472, 445, 322, 204, 109, 105, 0, 0, 0, 0, 0, 
0, 0, 0, 795, 620, 612, 508, 438, 404, 422, 408, 623, 408, 447, 483, 466, 237, 105, 107, 0, 0, 69, 0, 0, 0, 
0, 0, 0, 408, 744, 396, 414, 412, 408, 406, 414, 436, 505, 489, 432, 412, 198, 208, 105, 0, 0, 4, 0, 0, 0, 
0, 0, 0, 524, 780, 543, 449, 408, 408, 404, 404, 474, 447, 540, 467, 474, 435, 234, 130, 0, 0, 0, 0, 0, 0, 
0, 0, 0, 766, 877, 624, 464, 410, 404, 404, 410, 568, 414, 456, 455, 416, 101, 0, 0, 0, 0, 77, 0, 0, 
0, 0, 0, 0, 426, 412, 414, 404, 398, 437, 431, 472, 479, 412, 406, 439, 470, 115, 0, 16, 0, 2, 0, 0, 0, 0, 
0, 0, 0, 626, 1037, 469, 424, 422, 404, 396, 430, 499, 449, 441, 410, 412, 0, 0, 0, 0, 2, 32, 0, 0, 0, 
0, 0, 0, 871, 688, 672, 470, 411, 404, 408, 410, 513, 468, 449, 396, 336, 134, 0, 0, 2, 0, 73, 0, 0, 0, 
0, 0, 0, 0, 430, 410, 410, 408, 404, 486, 435, 461, 455, 429, 402, 466, 324, 0, 0, 18, 0, 0, 0, 186, 0, 
0, 0, 0, 0, 420, 412, 412, 398, 406, 501, 485, 431, 433, 453, 445, 444, 431, 176, 0, 47, 0, 4, 0, 0, 0, 
0, 0, 0, 715, 404, 410, 416, 464, 482, 408, 438, 472, 433, 441, 441, 437, 470, 0, 2, 0, 0, 0, 0, 0, 0, 
0, 0, 0, 0, 638, 1052, 413, 412, 415, 396, 413, 470, 536, 439, 394, 410, 412, 0, 0, 16, 0, 0, 0, 0, 0, 0, 0, 
0, 0, 0, 412, 725, 439, 410, 408, 412, 406, 406, 518, 460, 472, 431, 416, 320, 202, 127, 103, 2, 0, 0, 0, 0, 
0, 0, 0, 0, 614, 1009, 463, 422, 408, 406, 396, 462, 487, 457, 445, 406, 297, 0, 0, 0, 0, 2, 0, 0, 0, 
0, 0, 0, 0, 511, 851, 412, 424, 404, 406, 412, 425, 610, 435, 425, 447, 435, 128, 0, 0, 0, 0, 2, 0, 0, 0, 
0, 0, 0, 750, 767, 632, 506, 430, 408, 414, 396, 534, 530, 433, 439, 478, 449, 202, 101, 85, 0, 41, 0, 0, 0, 
0, 0, 0, 0, 836, 428, 488, 470, 489, 474, 457, 418, 593, 402, 418, 456, 440, 283, 0, 0, 0, 0, 71, 0, 0, 0, 
0, 0, 0, 626, 936, 539, 458, 435, 406, 406, 408, 404, 502, 462, 460, 447, 310, 210, 109, 0, 0, 0, 0, 0, 0, 0, 
0, 0, 0, 398, 827, 440, 422, 406, 406, 404, 398, 418, 503, 443, 454, 431, 206, 208, 204, 0, 0, 0, 0, 0, 0, 
0, 0, 0, 438, 601, 414, 412, 414, 410, 402, 412, 447, 465, 506, 443, 439, 303, 239, 237, 0, 2, 2, 0, 0, 0, 0, 
0, 0, 0, 0, 408, 829, 402, 400, 396, 402, 420, 477, 603, 478, 433, 344, 404, 140, 0, 0, 0, 0, 4, 172, 0, 
0, 0, 0, 0, 428, 487, 404, 410, 408, 398, 414, 436, 623, 476, 406, 412, 414, 105, 0, 2, 0, 0, 0, 0, 0, 0, 
0, 0, 0, 666, 634, 520, 521, 456, 445, 458, 468, 507, 445, 435, 446, 503, 490, 324, 225, 0, 0, 0, 83, 0, 0, 0, 
0, 0, 0, 471, 997, 470, 412, 404, 406, 404, 418, 420, 488, 491, 460, 424, 214, 235, 107, 0, 0, 0, 0, 0, 0, 
0, 0, 0, 416, 680, 420, 410, 406, 419, 416, 490, 503, 447, 447, 453, 406, 206, 208, 111, 0, 14, 0, 0, 0, 0, 
0, 0, 0, 0, 430, 511, 408, 416, 418, 416, 421, 494, 441, 472, 482, 443, 406, 0, 0, 0, 0, 0, 2, 0, 0, 0, 
0, 0, 0, 0, 418, 429, 402, 412, 406, 412, 424, 470, 468, 226, 434, 480, 432, 0, 0, 16, 0, 0, 0, 0, 0, 
0, 0, 0, 704, 424, 640, 491, 445, 416, 412, 406, 467, 495, 497, 437, 462, 447, 233, 136, 0, 0, 2, 0, 168, 0, 0, 
0, 0, 0, 614, 896, 623, 468, 459, 449, 422, 412, 441, 439, 418, 469, 221, 437, 229, 98, 103, 2, 0, 81, 0, 0, 
0, 0, 0, 0, 408, 709, 410, 410, 420, 406, 423, 445, 387, 478, 396, 321, 374, 133, 71, 0, 0, 0, 4, 0, 0, 
0, 0, 0, 752, 428, 433, 433, 460, 478, 482, 445, 475, 414, 406, 447, 414, 333, 210, 210, 103, 0, 0, 2, 22, 0, 0, 0, 
0, 0, 0, 0, 426, 418, 414, 414, 410, 435, 488, 477, 444, 392, 416, 404, 466, 231, 107, 16, 0, 2, 0, 0, 0, 
0, 0, 0, 506, 977, 500, 416, 416, 398, 398, 422, 488, 449, 439, 455, 474, 472, 204, 99, 0, 14, 0, 0, 0, 0, 0, 
0, 0, 0, 650, 428, 396, 404, 450, 516, 485, 437, 410, 422, 412, 408, 408, 455, 235, 105, 109, 0, 0, 0, 0, 0, 
0, 0, 0, 692, 418, 410, 418, 466, 475, 178, 462, 470, 440, 412, 457, 443, 437, 208, 249, 105, 139, 2, 4, 0, 0, 0, 0, 
0, 0, 0, 763, 422, 418, 492, 505, 443, 441, 441, 457, 408, 494, 414, 468, 454, 238, 107, 0, 0, 0, 0, 0, 0, 0, 
