1, 0; 1, 0; 3, 406; 3, 212; 3, 249; 3, 222; 3, 212; 3, 226; 3, 105; 2, 0; 2, 4; 1, 0; 
1, 0; 1, 0; 3, 542; 3, 216; 3, 212; 3, 267; 3, 206; 3, 243; 2, 0; 2, 0; 2, 24; 1, 0; 
1, 0; 1, 0; 3, 230; 3, 243; 3, 212; 3, 270; 3, 218; 3, 247; 2, 2; 2, 2; 1, 0; 1, 0; 
1, 0; 1, 0; 3, 226; 3, 210; 3, 278; 3, 216; 3, 206; 3, 262; 3, 107; 2, 0; 1, 0; 1, 0; 
1, 0; 1, 0; 3, 268; 3, 206; 3, 216; 3, 249; 3, 216; 3, 208; 3, 132; 2, 0; 1, 0; 1, 0; 
1, 0; 1, 0; 3, 569; 3, 216; 3, 221; 3, 220; 3, 206; 3, 210; 2, 0; 2, 2; 2, 16; 1, 0; 
1, 0; 1, 0; 3, 228; 3, 218; 3, 214; 3, 208; 3, 222; 3, 208; 2, 142; 2, 0; 2, 71; 1, 0; 
1, 0; 1, 0; 3, 208; 3, 218; 3, 214; 3, 218; 3, 212; 3, 210; 3, 136; 2, 0; 1, 0; 1, 0; 
1, 0; 1, 0; 3, 322; 3, 218; 3, 231; 3, 237; 3, 210; 3, 241; 3, 132; 2, 0; 2, 6; 1, 0; 
1, 0; 1, 0; 3, 576; 3, 206; 3, 224; 3, 233; 3, 214; 3, 214; 2, 0; 2, 2; 2, 10; 1, 0; 
1, 0; 1, 0; 3, 224; 3, 225; 3, 206; 3, 243; 3, 206; 3, 210; 2, 131; 2, 0; 2, 75; 1, 0; 
1, 0; 3, 348; 3, 306; 3, 214; 3, 206; 3, 248; 3, 206; 3, 212; 3, 117; 2, 0; 1, 0; 
1, 0; 1, 0; 3, 253; 3, 212; 3, 210; 3, 216; 3, 239; 3, 235; 2, 87; 2, 0; 2, 75; 1, 0; 
1, 0; 1, 0; 3, 224; 3, 248; 3, 206; 3, 245; 3, 210; 3, 210; 2, 180; 2, 0; 2, 42; 1, 0; 
1, 0; 1, 0; 3, 208; 3, 224; 3, 210; 3, 360; 3, 241; 3, 212; 3, 140; 2, 0; 1, 0; 1, 0; 
1, 0; 1, 0; 3, 261; 3, 206; 3, 208; 3, 229; 3, 210; 3, 212; 3, 109; 2, 0; 1, 0; 1, 0; 
1, 0; 1, 0; 3, 614; 3, 210; 3, 206; 3, 251; 3, 210; 3, 212; 3, 138; 2, 2; 2, 0; 1, 0; 
1, 0; 1, 0; 3, 344; 3, 214; 3, 212; 3, 239; 3, 210; 3, 206; 2, 93; 2, 0; 2, 75; 1, 0; 
1, 0; 3, 368; 3, 316; 3, 214; 3, 214; 3, 251; 3, 214; 3, 208; 3, 138; 2, 0; 1, 0; 
1, 0; 1, 0; 3, 344; 3, 210; 3, 206; 3, 239; 3, 249; 3, 212; 2, 79; 2, 0; 2, 73; 1, 0; 
1, 0; 1, 0; 3, 212; 3, 282; 3, 210; 3, 237; 3, 214; 3, 214; 2, 166; 2, 30; 1, 0; 1, 0; 
1, 0; 1, 0; 3, 232; 3, 212; 3, 275; 3, 208; 3, 212; 3, 218; 3, 103; 2, 2; 1, 0; 1, 0; 
1, 0; 1, 0; 3, 280; 3, 208; 3, 236; 3, 234; 3, 206; 3, 212; 3, 103; 2, 0; 2, 10; 1, 0; 
1, 0; 1, 0; 3, 571; 3, 208; 3, 212; 3, 239; 3, 210; 3, 208; 2, 0; 2, 2; 2, 6; 1, 0; 
1, 0; 1, 0; 3, 308; 3, 220; 3, 210; 3, 218; 3, 216; 3, 249; 2, 130; 2, 0; 2, 73; 1, 0; 
1, 0; 1, 0; 3, 271; 3, 216; 3, 210; 3, 229; 3, 206; 4, 373; 2, 0; 2, 0; 2, 0; 1, 0; 
1, 0; 1, 0; 3, 242; 3, 249; 3, 208; 3, 243; 3, 212; 3, 230; 3, 265; 2, 0; 2, 67; 1, 0; 
1, 0; 3, 322; 3, 229; 3, 222; 3, 214; 3, 237; 3, 253; 3, 212; 3, 103; 2, 0; 1, 0; 1, 0; 
1, 0; 1, 0; 3, 208; 3, 210; 3, 251; 3, 328; 3, 243; 3, 247; 2, 2; 2, 0; 1, 0; 1, 0; 1, 0; 
1, 0; 1, 0; 3, 224; 3, 214; 3, 245; 3, 245; 3, 241; 3, 249; 3, 105; 2, 0; 1, 0; 1, 0; 
1, 0; 1, 0; 3, 306; 3, 206; 3, 216; 3, 282; 3, 212; 3, 212; 2, 103; 2, 0; 2, 73; 1, 0; 
1, 0; 3, 374; 3, 282; 3, 212; 3, 212; 3, 289; 3, 250; 3, 214; 3, 103; 2, 2; 1, 0; 1, 0; 
1, 0; 1, 0; 3, 210; 3, 208; 3, 247; 3, 255; 3, 235; 3, 212; 2, 2; 2, 0; 1, 0; 1, 0; 
1, 0; 3, 382; 3, 318; 3, 214; 3, 208; 3, 262; 3, 210; 3, 216; 3, 130; 2, 2; 1, 0; 1, 0; 
1, 0; 1, 0; 3, 220; 3, 212; 3, 268; 3, 275; 3, 241; 3, 243; 2, 2; 2, 0; 1, 0; 1, 0; 
1, 0; 1, 0; 3, 458; 3, 206; 3, 247; 3, 259; 3, 232; 3, 208; 2, 0; 2, 0; 2, 0; 1, 0; 
1, 0; 1, 0; 3, 214; 3, 298; 3, 212; 3, 249; 3, 268; 3, 206; 3, 107; 2, 0; 1, 0; 1, 0; 
1, 0; 1, 0; 3, 453; 3, 204; 3, 247; 3, 208; 3, 212; 3, 241; 2, 0; 2, 0; 2, 2; 1, 0; 
1, 0; 1, 0; 3, 516; 3, 206; 3, 208; 3, 257; 3, 208; 3, 212; 2, 2; 2, 10; 1, 0; 1, 0; 
1, 0; 1, 0; 3, 218; 3, 210; 3, 206; 3, 249; 3, 216; 3, 216; 2, 174; 2, 0; 2, 49; 1, 0; 
1, 0; 1, 0; 3, 212; 3, 224; 3, 210; 3, 237; 3, 218; 3, 216; 2, 0; 2, 2; 1, 0; 
1, 0; 1, 0; 3, 226; 3, 242; 3, 210; 3, 253; 3, 216; 3, 208; 2, 2; 2, 0; 1, 0; 1, 0; 
1, 0; 1, 0; 3, 208; 3, 216; 3, 245; 3, 257; 3, 214; 3, 241; 2, 0; 2, 0; 1, 0; 1, 0; 
1, 0; 1, 0; 3, 206; 3, 210; 3, 282; 3, 212; 3, 216; 3, 210; 2, 0; 2, 0; 1, 0; 1, 0; 
1, 0; 1, 0; 3, 646; 3, 212; 3, 208; 3, 245; 3, 212; 3, 233; 2, 0; 2, 0; 2, 0; 1, 0; 
1, 0; 1, 0; 3, 348; 3, 208; 3, 208; 3, 223; 3, 216; 2, 126; 2, 2; 2, 0; 1, 0; 1, 0; 
1, 0; 1, 0; 3, 210; 3, 245; 3, 208; 3, 243; 3, 247; 3, 238; 2, 176; 2, 26; 2, 0; 1, 0; 
1, 0; 1, 0; 3, 214; 3, 238; 3, 216; 3, 243; 3, 216; 4, 401; 2, 22; 2, 0; 1, 0; 1, 0; 
1, 0; 1, 0; 3, 222; 3, 212; 3, 267; 3, 214; 3, 206; 3, 250; 3, 103; 2, 0; 1, 0; 1, 0; 
1, 0; 1, 0; 3, 456; 3, 210; 3, 212; 3, 266; 3, 212; 3, 222; 2, 12; 2, 2; 2, 65; 1, 0; 
1, 0; 1, 0; 3, 214; 3, 241; 3, 241; 3, 228; 3, 220; 3, 212; 3, 318; 2, 26; 2, 4; 1, 0; 
1, 0; 1, 0; 3, 208; 3, 228; 3, 208; 3, 233; 3, 208; 3, 212; 3, 134; 2, 0; 1, 0; 1, 0; 
1, 0; 1, 0; 3, 385; 3, 208; 3, 232; 3, 349; 3, 247; 3, 216; 2, 0; 2, 0; 2, 2; 1, 0; 
1, 0; 1, 0; 3, 512; 3, 216; 3, 206; 3, 266; 3, 204; 3, 220; 2, 0; 2, 2; 2, 34; 1, 0; 
1, 0; 1, 0; 3, 226; 3, 214; 3, 210; 3, 237; 3, 218; 3, 220; 2, 160; 2, 0; 2, 55; 1, 0; 
1, 0; 1, 0; 3, 255; 3, 222; 3, 210; 3, 224; 3, 210; 3, 239; 2, 0; 2, 0; 1, 0; 1, 0; 
1, 0; 1, 0; 3, 227; 3, 208; 3, 251; 3, 354; 3, 245; 3, 214; 2, 0; 2, 0; 1, 0; 1, 0; 
1, 0; 1, 0; 3, 654; 3, 208; 3, 210; 3, 243; 3, 210; 3, 243; 2, 0; 2, 0; 2, 0; 1, 0; 
1, 0; 1, 0; 3, 222; 3, 264; 3, 212; 3, 208; 3, 273; 3, 210; 2, 2; 2, 0; 1, 0; 1, 0; 
1, 0; 1, 0; 3, 210; 3, 278; 3, 210; 3, 206; 3, 212; 3, 208; 2, 0; 2, 0; 1, 0; 1, 0; 
1, 0; 1, 0; 3, 222; 3, 222; 3, 214; 3, 252; 3, 214; 3, 235; 2, 0; 2, 0; 1, 0; 1, 0; 
1, 0; 1, 0; 3, 392; 3, 218; 3, 271; 3, 208; 3, 210; 3, 243; 2, 0; 2, 0; 2, 0; 1, 0; 
1, 0; 1, 0; 3, 224; 3, 220; 3, 214; 3, 234; 3, 214; 3, 208; 2, 0; 2, 0; 1, 0; 1, 0; 
1, 0; 1, 0; 3, 580; 3, 208; 3, 245; 3, 249; 3, 214; 3, 212; 2, 0; 2, 0; 2, 0; 1, 0; 
1, 0; 1, 0; 3, 212; 3, 231; 3, 208; 3, 249; 3, 210; 3, 212; 2, 0; 2, 0; 1, 0; 1, 0; 
1, 0; 1, 0; 3, 360; 3, 210; 3, 270; 3, 220; 3, 224; 3, 237; 2, 2; 2, 0; 2, 0; 1, 0; 
1, 0; 1, 0; 3, 210; 3, 218; 3, 216; 3, 272; 3, 210; 3, 204; 2, 0; 2, 2; 1, 0; 1, 0; 
1, 0; 1, 0; 3, 332; 3, 214; 3, 263; 3, 212; 3, 210; 3, 253; 2, 2; 2, 0; 2, 8; 1, 0; 
1, 0; 1, 0; 3, 256; 3, 212; 3, 253; 3, 214; 3, 212; 3, 253; 2, 0; 2, 0; 2, 8; 1, 0; 1, 0; 
1, 0; 1, 0; 3, 214; 3, 210; 3, 233; 3, 303; 3, 222; 3, 220; 2, 0; 2, 0; 1, 0; 1, 0; 
1, 0; 1, 0; 3, 214; 3, 208; 3, 251; 3, 326; 3, 245; 3, 233; 2, 0; 2, 0; 1, 0; 1, 0; 
1, 0; 3, 380; 3, 332; 3, 208; 3, 210; 3, 222; 3, 208; 3, 238; 3, 140; 2, 0; 1, 0; 1, 0; 
1, 0; 1, 0; 3, 206; 3, 208; 3, 288; 3, 279; 3, 245; 3, 249; 2, 0; 2, 0; 1, 0; 1, 0; 
1, 0; 3, 378; 3, 320; 3, 208; 3, 210; 3, 214; 3, 210; 3, 239; 3, 105; 2, 0; 1, 0; 1, 0; 
1, 0; 1, 0; 3, 216; 3, 210; 3, 271; 3, 214; 3, 212; 3, 212; 2, 0; 2, 0; 1, 0; 1, 0; 
1, 0; 1, 0; 3, 430; 3, 218; 3, 256; 3, 259; 3, 239; 3, 241; 2, 0; 2, 2; 2, 0; 1, 0; 
1, 0; 1, 0; 3, 222; 3, 239; 3, 206; 3, 363; 3, 232; 3, 237; 2, 0; 2, 2; 1, 0; 1, 0; 
1, 0; 1, 0; 3, 396; 3, 210; 3, 245; 3, 212; 3, 210; 3, 277; 2, 0; 2, 0; 2, 2; 1, 0; 
1, 0; 1, 0; 3, 208; 3, 247; 3, 206; 3, 263; 3, 247; 3, 247; 2, 2; 2, 0; 1, 0; 1, 0; 
1, 0; 1, 0; 3, 457; 3, 214; 3, 239; 3, 277; 3, 245; 3, 216; 2, 0; 2, 0; 2, 0; 1, 0; 
1, 0; 1, 0; 3, 226; 3, 272; 3, 212; 3, 316; 3, 238; 3, 226; 3, 107; 2, 0; 1, 0; 1, 0; 
1, 0; 1, 0; 3, 489; 3, 218; 3, 247; 3, 247; 3, 218; 3, 208; 2, 0; 2, 2; 1, 0; 1, 0; 
1, 0; 1, 0; 3, 222; 3, 241; 3, 208; 3, 320; 3, 208; 3, 256; 2, 0; 2, 0; 1, 0; 
1, 0; 1, 0; 3, 499; 3, 206; 3, 220; 3, 345; 3, 214; 3, 212; 2, 0; 2, 0; 2, 0; 1, 0; 
1, 0; 1, 0; 3, 216; 3, 274; 3, 206; 3, 225; 3, 208; 3, 240; 2, 0; 2, 0; 1, 0; 1, 0; 
1, 0; 1, 0; 3, 430; 3, 208; 3, 251; 3, 206; 3, 210; 3, 241; 2, 0; 2, 0; 2, 0; 1, 0; 
1, 0; 1, 0; 3, 208; 3, 239; 3, 208; 3, 251; 3, 237; 3, 208; 3, 119; 2, 0; 1, 0; 1, 0; 
1, 0; 1, 0; 3, 394; 3, 208; 3, 214; 3, 214; 3, 214; 3, 245; 2, 2; 2, 0; 2, 8; 1, 0; 
1, 0; 1, 0; 3, 208; 3, 210; 3, 208; 3, 272; 3, 210; 3, 212; 3, 128; 2, 0; 1, 0; 1, 0; 
1, 0; 1, 0; 3, 292; 3, 210; 3, 243; 3, 316; 3, 239; 3, 210; 2, 2; 2, 0; 2, 8; 1, 0; 
1, 0; 1, 0; 3, 216; 3, 249; 3, 210; 3, 245; 3, 237; 3, 214; 3, 107; 2, 0; 1, 0; 1, 0; 
1, 0; 1, 0; 3, 279; 3, 208; 3, 286; 3, 206; 3, 210; 3, 208; 2, 2; 2, 0; 2, 10; 1, 0; 
1, 0; 1, 0; 3, 218; 3, 206; 3, 214; 3, 262; 3, 212; 3, 204; 3, 107; 2, 0; 1, 0; 1, 0; 
1, 0; 1, 0; 3, 256; 3, 208; 3, 257; 3, 236; 3, 208; 3, 249; 2, 0; 2, 0; 1, 0; 1, 0; 
1, 0; 1, 0; 3, 208; 3, 233; 3, 212; 3, 210; 3, 243; 3, 214; 3, 107; 2, 0; 1, 0; 1, 0; 
1, 0; 1, 0; 3, 216; 3, 210; 3, 280; 3, 265; 3, 226; 3, 243; 2, 0; 2, 0; 1, 0; 1, 0; 
1, 0; 3, 354; 3, 290; 3, 224; 3, 212; 3, 247; 3, 214; 3, 214; 3, 115; 2, 0; 1, 0; 1, 0; 
1, 0; 1, 0; 3, 212; 3, 222; 3, 290; 3, 218; 3, 208; 3, 251; 2, 0; 2, 0; 1, 0; 1, 0; 
1, 0; 1, 0; 3, 477; 3, 214; 3, 243; 3, 248; 3, 238; 3, 212; 2, 0; 2, 0; 2, 0; 1, 0; 
1, 0; 1, 0; 3, 386; 3, 212; 3, 210; 3, 206; 3, 210; 2, 103; 2, 2; 2, 0; 1, 0; 1, 0; 
1, 0; 1, 0; 3, 214; 3, 269; 3, 212; 3, 332; 3, 247; 3, 208; 2, 0; 2, 0; 1, 0; 1, 0; 
1, 0; 1, 0; 3, 474; 3, 212; 3, 214; 3, 220; 3, 212; 3, 282; 2, 18; 2, 0; 1, 0; 1, 0; 
1, 0; 1, 0; 3, 210; 3, 270; 3, 216; 3, 227; 3, 245; 3, 208; 2, 0; 2, 0; 1, 0; 1, 0; 
1, 0; 1, 0; 3, 460; 3, 214; 3, 210; 3, 230; 3, 212; 3, 239; 2, 0; 2, 0; 2, 45; 1, 0; 
1, 0; 1, 0; 3, 218; 3, 251; 3, 210; 3, 261; 3, 218; 2, 109; 2, 0; 2, 0; 1, 0; 1, 0; 
1, 0; 1, 0; 3, 216; 3, 238; 3, 212; 3, 241; 3, 249; 3, 210; 3, 105; 2, 0; 1, 0; 1, 0; 
1, 0; 1, 0; 3, 230; 3, 222; 3, 239; 3, 273; 3, 237; 3, 214; 2, 0; 2, 0; 1, 0; 1, 0; 
1, 0; 2, 160; 3, 253; 3, 218; 3, 208; 3, 349; 3, 245; 3, 212; 3, 134; 2, 0; 1, 0; 1, 0; 
1, 0; 1, 0; 3, 218; 3, 214; 3, 247; 3, 269; 3, 241; 3, 208; 2, 0; 2, 0; 1, 0; 1, 0; 
1, 0; 3, 322; 3, 232; 3, 216; 3, 214; 3, 227; 3, 208; 3, 240; 3, 103; 2, 0; 1, 0; 1, 0; 
1, 0; 1, 0; 3, 247; 3, 208; 3, 255; 3, 206; 3, 208; 3, 243; 2, 0; 2, 0; 1, 0; 1, 0; 
1, 0; 1, 0; 3, 222; 3, 210; 3, 210; 3, 210; 3, 214; 3, 210; 3, 115; 2, 0; 1, 0; 1, 0; 
1, 0; 1, 0; 3, 243; 3, 210; 3, 218; 3, 338; 3, 237; 3, 204; 2, 2; 2, 0; 1, 0; 1, 0; 
1, 0; 3, 322; 3, 216; 3, 216; 3, 206; 3, 244; 3, 265; 3, 208; 3, 105; 2, 0; 1, 0; 1, 0; 
1, 0; 1, 0; 3, 214; 3, 210; 3, 255; 3, 326; 3, 227; 3, 208; 2, 0; 2, 0; 1, 0; 1, 0; 
