0, 0, 0, 0, 101, 203, 101, 103, 103, 101, 99, 101, 132, 134, 101, 105, 105, 0, 2, 0, 2, 0, 0, 0, 0, 
0, 0, 0, 136, 300, 116, 107, 101, 99, 105, 111, 107, 237, 103, 109, 138, 128, 133, 0, 0, 0, 0, 0, 0, 
0, 0, 0, 132, 314, 190, 99, 101, 103, 101, 101, 101, 103, 99, 105, 99, 107, 131, 128, 0, 26, 0, 0, 0, 
0, 0, 0, 0, 107, 107, 111, 101, 101, 109, 142, 136, 109, 103, 99, 101, 103, 0, 0, 2, 6, 0, 0, 0, 0, 0, 0, 
0, 0, 0, 226, 162, 168, 142, 138, 111, 101, 119, 121, 99, 101, 107, 104, 99, 184, 85, 14, 0, 2, 0, 0, 0, 
0, 0, 0, 170, 244, 194, 138, 132, 130, 134, 133, 134, 128, 109, 101, 99, 107, 101, 107, 0, 0, 0, 0, 0, 0, 
0, 0, 0, 125, 297, 196, 115, 99, 105, 101, 99, 101, 99, 101, 105, 101, 105, 99, 2, 2, 0, 0, 0, 0, 
0, 0, 0, 130, 292, 190, 124, 99, 107, 99, 99, 101, 99, 101, 105, 107, 99, 101, 0, 2, 0, 0, 0, 0, 
0, 0, 0, 138, 299, 168, 99, 101, 99, 109, 105, 103, 105, 105, 101, 105, 113, 134, 2, 0, 0, 14, 0, 0, 0, 
0, 0, 0, 186, 101, 103, 122, 129, 113, 101, 99, 103, 99, 109, 99, 107, 270, 0, 18, 0, 4, 0, 0, 0, 0, 0, 
0, 0, 0, 130, 272, 111, 109, 99, 101, 103, 99, 101, 103, 101, 101, 105, 101, 103, 2, 0, 0, 36, 0, 0, 0, 
0, 0, 0, 101, 162, 101, 107, 101, 101, 103, 107, 107, 156, 119, 129, 132, 107, 104, 0, 0, 0, 0, 0, 0, 
0, 0, 0, 0, 105, 105, 101, 101, 101, 107, 99, 105, 131, 128, 99, 101, 99, 0, 0, 0, 79, 0, 168, 0, 
0, 0, 0, 0, 109, 105, 101, 99, 101, 107, 99, 113, 130, 134, 103, 101, 97, 0, 0, 0, 0, 0, 0, 0, 
0, 0, 0, 99, 140, 99, 109, 99, 101, 103, 107, 101, 211, 107, 101, 134, 127, 113, 0, 79, 0, 0, 0, 0, 0, 
0, 0, 0, 279, 101, 103, 126, 140, 130, 134, 136, 130, 109, 205, 116, 130, 136, 130, 142, 0, 0, 0, 0, 0, 0, 
0, 0, 0, 101, 308, 184, 138, 140, 130, 136, 134, 128, 128, 122, 109, 101, 105, 99, 0, 0, 2, 83, 0, 0, 0, 
0, 0, 0, 282, 136, 177, 132, 107, 99, 103, 101, 130, 99, 109, 99, 107, 140, 40, 0, 10, 0, 0, 0, 0, 
0, 0, 0, 298, 105, 132, 134, 121, 101, 105, 105, 231, 111, 99, 140, 131, 0, 170, 0, 42, 0, 0, 0, 0, 
0, 0, 0, 105, 109, 101, 99, 105, 101, 99, 101, 103, 180, 134, 129, 142, 128, 99, 0, 6, 0, 0, 0, 0, 
0, 0, 0, 249, 107, 180, 128, 103, 101, 109, 105, 215, 103, 101, 137, 135, 0, 132, 0, 26, 0, 0, 0, 0, 
0, 0, 0, 192, 101, 103, 101, 126, 121, 109, 99, 140, 103, 101, 134, 129, 146, 0, 18, 0, 4, 0, 0, 0, 
0, 0, 0, 0, 101, 105, 101, 103, 99, 109, 101, 99, 99, 127, 140, 156, 132, 93, 18, 0, 0, 0, 202, 0, 
0, 0, 0, 0, 105, 103, 101, 99, 101, 107, 101, 99, 120, 136, 144, 99, 101, 0, 0, 0, 4, 0, 0, 0, 
0, 0, 0, 277, 101, 99, 107, 103, 107, 134, 132, 132, 107, 99, 101, 105, 101, 136, 0, 20, 0, 4, 0, 0, 0, 
0, 0, 0, 270, 103, 113, 126, 125, 132, 123, 109, 99, 101, 99, 99, 103, 101, 168, 0, 18, 0, 4, 0, 0, 0, 
0, 0, 0, 109, 109, 101, 101, 105, 101, 103, 109, 101, 211, 101, 103, 101, 107, 99, 0, 0, 2, 20, 0, 0, 
0, 0, 0, 0, 103, 109, 109, 105, 87, 134, 124, 103, 99, 101, 105, 99, 107, 0, 0, 0, 2, 0, 0, 0, 
0, 0, 0, 0, 101, 107, 107, 99, 99, 144, 146, 140, 130, 107, 99, 101, 99, 0, 0, 0, 0, 0, 0, 0, 
0, 0, 0, 275, 103, 99, 101, 108, 109, 142, 136, 126, 132, 127, 125, 99, 105, 101, 267, 0, 40, 0, 0, 0, 0, 
0, 0, 0, 241, 184, 194, 136, 109, 107, 101, 99, 103, 99, 99, 101, 103, 101, 144, 0, 8, 0, 0, 0, 0, 
0, 0, 0, 279, 101, 101, 105, 99, 101, 101, 99, 105, 103, 202, 113, 103, 103, 196, 99, 24, 0, 0, 0, 0, 0, 
0, 0, 0, 233, 307, 190, 136, 134, 114, 99, 101, 105, 103, 103, 101, 99, 99, 105, 0, 0, 0, 26, 0, 0, 0, 
0, 0, 0, 0, 107, 111, 101, 101, 101, 107, 99, 101, 105, 158, 132, 136, 113, 273, 109, 18, 0, 2, 0, 0, 0, 
0, 0, 0, 190, 101, 109, 99, 101, 105, 101, 103, 103, 107, 203, 105, 105, 126, 122, 130, 18, 0, 6, 0, 2, 0, 0, 0, 0, 0, 0, 0, 0, 0, 0, 0, 0, 0, 0, 0, 0, 0, 0, 0, 0, 0, 0, 0, 0, 
0, 0, 0, 183, 101, 101, 107, 99, 99, 126, 134, 127, 126, 127, 109, 101, 101, 269, 105, 18, 0, 0, 0, 0, 0, 
0, 0, 0, 259, 99, 128, 136, 140, 105, 101, 99, 105, 107, 103, 107, 101, 107, 105, 0, 0, 18, 2, 0, 0, 0, 
0, 0, 0, 0, 99, 110, 109, 101, 99, 105, 138, 134, 113, 130, 130, 101, 281, 0, 18, 0, 4, 0, 188, 0, 
0, 0, 0, 0, 105, 101, 101, 99, 101, 119, 129, 113, 113, 115, 105, 99, 107, 0, 16, 0, 0, 0, 185, 0, 
0, 0, 0, 0, 109, 101, 101, 103, 101, 103, 99, 107, 241, 105, 101, 99, 132, 124, 0, 0, 0, 0, 0, 0, 0, 
0, 0, 0, 0, 99, 109, 107, 101, 99, 105, 112, 140, 134, 103, 101, 103, 101, 0, 0, 0, 0, 0, 0, 0, 
0, 0, 0, 194, 99, 107, 107, 101, 99, 130, 132, 133, 105, 107, 105, 101, 105, 107, 0, 14, 0, 0, 0, 0, 0, 
0, 0, 0, 182, 103, 103, 105, 101, 101, 107, 99, 125, 128, 128, 109, 101, 105, 277, 79, 16, 0, 6, 0, 0, 0, 
0, 0, 0, 0, 99, 113, 109, 99, 101, 142, 134, 136, 123, 107, 103, 99, 107, 103, 0, 0, 0, 0, 0, 0, 
0, 0, 0, 0, 101, 108, 109, 101, 99, 109, 101, 105, 130, 30, 103, 105, 134, 132, 127, 0, 0, 0, 0, 0, 0, 0, 
0, 0, 0, 0, 107, 105, 101, 99, 101, 107, 128, 145, 111, 101, 101, 107, 101, 0, 0, 0, 0, 0, 0, 0, 
0, 0, 0, 0, 109, 101, 101, 99, 105, 101, 99, 101, 128, 111, 136, 136, 103, 0, 0, 2, 0, 0, 0, 0, 0, 
0, 0, 0, 0, 132, 267, 99, 99, 105, 99, 101, 99, 130, 111, 101, 105, 0, 0, 0, 0, 2, 69, 0, 0, 
0, 0, 0, 0, 101, 107, 99, 101, 103, 103, 99, 101, 142, 99, 99, 101, 122, 119, 0, 0, 0, 0, 2, 0, 0, 
0, 0, 0, 187, 99, 105, 109, 99, 101, 105, 101, 99, 101, 109, 142, 140, 109, 176, 0, 38, 0, 0, 0, 0, 
