0, 0, 0, 814, 794, 646, 453, 410, 404, 402, 384, 539, 444, 408, 449, 429, 0, 0, 0, 0, 0, 0, 0, 0, 0, 
0, 0, 766, 801, 620, 483, 408, 396, 410, 412, 606, 406, 420, 489, 522, 252, 0, 0, 0, 0, 0, 0, 0, 0, 
0, 0, 0, 762, 908, 645, 457, 404, 404, 414, 404, 670, 452, 451, 437, 439, 186, 0, 2, 2, 0, 30, 0, 0, 0, 
0, 0, 692, 1062, 527, 434, 408, 404, 414, 418, 644, 441, 464, 441, 449, 247, 0, 0, 2, 0, 53, 0, 0, 0, 
0, 0, 0, 518, 994, 412, 416, 414, 408, 406, 447, 462, 472, 499, 431, 412, 0, 0, 0, 2, 0, 77, 0, 0, 0, 
0, 0, 0, 720, 1056, 578, 453, 429, 421, 408, 418, 472, 410, 437, 437, 415, 202, 0, 2, 2, 0, 22, 0, 0, 0, 0, 
0, 0, 694, 993, 586, 442, 408, 404, 414, 420, 629, 456, 512, 489, 439, 212, 2, 0, 0, 0, 0, 0, 75, 0, 0, 0, 0, 
0, 0, 0, 554, 1036, 428, 402, 416, 408, 400, 458, 619, 416, 402, 429, 431, 105, 0, 2, 2, 0, 77, 0, 0, 0, 
0, 0, 0, 796, 766, 668, 484, 406, 396, 418, 418, 507, 412, 464, 472, 445, 208, 0, 0, 0, 0, 10, 0, 0, 0, 
0, 0, 666, 1086, 512, 445, 422, 408, 396, 402, 521, 416, 456, 472, 408, 210, 0, 0, 0, 0, 43, 0, 0, 0, 
0, 0, 0, 558, 1014, 418, 414, 420, 404, 398, 466, 534, 470, 414, 416, 406, 0, 0, 0, 2, 0, 75, 0, 0, 0, 
0, 0, 0, 900, 677, 668, 479, 406, 404, 408, 420, 570, 501, 518, 447, 416, 0, 0, 2, 0, 2, 0, 0, 0, 0, 
0, 0, 0, 942, 422, 449, 512, 470, 417, 414, 410, 582, 447, 443, 447, 478, 268, 51, 0, 38, 0, 0, 0, 0, 
0, 0, 0, 632, 1101, 486, 430, 404, 404, 414, 416, 501, 435, 451, 432, 437, 233, 0, 2, 0, 0, 69, 0, 0, 0, 
0, 0, 0, 880, 662, 676, 453, 421, 404, 402, 400, 480, 493, 457, 404, 449, 136, 0, 2, 0, 0, 0, 0, 0, 0, 
0, 0, 0, 951, 414, 447, 528, 481, 396, 420, 414, 777, 412, 485, 524, 461, 103, 63, 0, 0, 0, 2, 0, 0, 0, 
0, 0, 0, 600, 1063, 425, 410, 414, 408, 404, 466, 496, 449, 420, 418, 416, 0, 0, 0, 2, 0, 67, 0, 0, 0, 
0, 0, 0, 802, 851, 641, 446, 416, 402, 396, 443, 516, 462, 482, 430, 424, 0, 0, 0, 0, 0, 0, 0, 0, 0, 
0, 0, 739, 900, 647, 470, 408, 410, 404, 414, 569, 431, 442, 463, 460, 237, 0, 0, 0, 0, 4, 0, 0, 0, 0, 
0, 0, 0, 0, 406, 610, 396, 400, 418, 406, 404, 450, 512, 482, 435, 412, 410, 0, 0, 0, 0, 2, 32, 0, 0, 0, 
0, 0, 668, 1121, 537, 431, 408, 404, 410, 410, 450, 460, 460, 445, 447, 128, 0, 0, 0, 0, 71, 0, 0, 0, 0, 
0, 0, 933, 555, 648, 520, 429, 404, 416, 406, 562, 406, 435, 460, 483, 364, 0, 0, 0, 0, 0, 0, 0, 0, 0, 
0, 0, 0, 418, 408, 396, 400, 418, 445, 460, 445, 563, 456, 466, 435, 426, 107, 0, 2, 0, 0, 0, 0, 0, 0, 0, 
0, 0, 0, 404, 418, 430, 417, 458, 498, 448, 450, 420, 408, 402, 442, 461, 0, 0, 18, 0, 0, 0, 0, 0, 0, 
0, 0, 0, 476, 406, 416, 422, 423, 492, 490, 437, 416, 404, 408, 405, 478, 427, 178, 0, 16, 0, 0, 0, 0, 0, 
0, 0, 0, 404, 597, 396, 408, 408, 422, 462, 462, 476, 442, 404, 418, 426, 0, 0, 0, 0, 2, 4, 0, 0, 0, 0, 0, 
0, 0, 0, 400, 564, 404, 414, 420, 403, 401, 431, 640, 435, 470, 462, 435, 202, 0, 2, 0, 2, 12, 0, 0, 0, 
0, 0, 0, 409, 396, 404, 404, 408, 412, 458, 466, 426, 462, 462, 450, 400, 0, 0, 0, 0, 0, 0, 0, 0, 0, 
0, 0, 0, 414, 412, 404, 400, 414, 404, 396, 408, 563, 494, 427, 449, 434, 106, 0, 2, 0, 0, 0, 0, 0, 0, 0, 
0, 0, 0, 850, 672, 616, 500, 430, 408, 409, 400, 446, 423, 441, 435, 438, 315, 0, 2, 2, 0, 32, 0, 0, 0, 
0, 0, 0, 0, 927, 423, 548, 502, 444, 439, 404, 408, 562, 478, 427, 456, 444, 114, 0, 0, 0, 0, 0, 0, 0, 0, 
0, 0, 0, 720, 994, 597, 450, 427, 396, 409, 407, 515, 435, 435, 433, 439, 229, 0, 2, 0, 0, 67, 0, 0, 0, 0, 
0, 0, 0, 546, 1087, 442, 430, 413, 396, 404, 416, 609, 439, 462, 479, 467, 359, 0, 0, 2, 0, 77, 0, 0, 0, 
0, 0, 0, 524, 957, 437, 422, 416, 404, 408, 422, 501, 433, 483, 497, 404, 107, 0, 0, 0, 0, 79, 0, 0, 0, 0, 0, 
0, 0, 0, 428, 414, 420, 404, 396, 445, 464, 466, 466, 443, 408, 414, 414, 0, 0, 0, 0, 0, 2, 0, 0, 0, 
0, 0, 0, 420, 400, 412, 404, 404, 457, 505, 460, 435, 433, 413, 414, 409, 0, 0, 2, 0, 0, 2, 0, 0, 0, 0, 
0, 0, 0, 802, 704, 642, 510, 438, 412, 411, 404, 472, 406, 420, 445, 407, 349, 0, 0, 0, 0, 51, 0, 0, 0, 0, 
0, 0, 0, 707, 945, 653, 476, 413, 404, 410, 406, 531, 408, 431, 439, 475, 380, 0, 0, 2, 0, 73, 0, 0, 0, 
0, 0, 0, 406, 745, 404, 410, 415, 396, 404, 412, 670, 466, 463, 456, 435, 95, 0, 0, 0, 0, 32, 0, 0, 0, 
0, 0, 788, 404, 409, 412, 472, 504, 477, 462, 412, 412, 404, 414, 419, 431, 168, 0, 55, 0, 18, 0, 0, 0, 0, 0, 
0, 0, 912, 404, 404, 456, 498, 473, 441, 425, 449, 408, 445, 428, 429, 340, 8, 0, 0, 0, 0, 0, 0, 0, 0, 
0, 0, 0, 783, 826, 675, 456, 408, 404, 417, 408, 881, 408, 456, 485, 504, 294, 0, 2, 0, 0, 30, 0, 0, 0, 0, 
0, 0, 0, 460, 737, 400, 422, 420, 408, 404, 445, 522, 475, 460, 426, 412, 107, 0, 0, 0, 2, 45, 0, 0, 0, 
0, 0, 780, 396, 402, 449, 468, 477, 490, 428, 523, 414, 439, 416, 404, 311, 150, 0, 38, 0, 18, 0, 0, 0, 0, 0, 
0, 0, 0, 808, 741, 681, 482, 414, 396, 417, 407, 498, 455, 466, 446, 404, 130, 0, 2, 0, 0, 16, 0, 0, 0, 0, 0, 
0, 0, 902, 396, 396, 462, 494, 476, 478, 411, 499, 406, 406, 431, 464, 426, 103, 0, 36, 0, 4, 0, 0, 0, 0, 
0, 0, 0, 422, 406, 404, 402, 409, 415, 412, 494, 532, 437, 435, 447, 425, 104, 0, 2, 0, 2, 0, 0, 0, 0, 0, 
0, 0, 0, 678, 1068, 589, 433, 414, 396, 418, 412, 595, 430, 421, 450, 435, 322, 0, 0, 2, 0, 67, 0, 0, 0, 
0, 0, 0, 815, 786, 658, 454, 406, 400, 418, 412, 621, 441, 453, 464, 475, 344, 0, 0, 0, 0, 2, 0, 77, 0, 0, 0, 
0, 0, 0, 556, 1074, 438, 422, 410, 404, 404, 413, 657, 457, 509, 456, 422, 85, 0, 0, 0, 0, 79, 0, 0, 0, 0, 
