1, 0; 2, 194; 2, 105; 2, 111; 2, 140; 2, 105; 2, 105; 2, 105; 2, 2; 2, 0; 1, 0; 
1, 0; 2, 201; 2, 164; 2, 105; 2, 107; 2, 105; 2, 105; 2, 118; 2, 2; 2, 0; 1, 0; 1, 0; 
1, 0; 1, 0; 2, 105; 2, 109; 2, 126; 2, 105; 2, 106; 2, 126; 2, 0; 2, 0; 1, 0; 1, 0; 
1, 0; 1, 0; 2, 110; 2, 136; 2, 105; 2, 126; 2, 105; 2, 103; 2, 0; 2, 0; 1, 0; 
1, 0; 1, 0; 2, 107; 2, 105; 2, 107; 2, 189; 2, 124; 2, 104; 2, 0; 2, 2; 1, 0; 1, 0; 
1, 0; 1, 0; 2, 109; 2, 136; 2, 105; 2, 170; 2, 136; 2, 103; 2, 0; 2, 0; 1, 0; 
1, 0; 2, 190; 2, 199; 2, 105; 2, 109; 2, 103; 2, 128; 2, 105; 2, 130; 2, 0; 1, 0; 1, 0; 
1, 0; 2, 201; 2, 189; 2, 105; 2, 107; 2, 132; 2, 107; 2, 104; 2, 2; 2, 0; 1, 0; 1, 0; 
1, 0; 2, 187; 2, 172; 2, 105; 2, 105; 2, 105; 2, 146; 2, 103; 2, 0; 2, 0; 1, 0; 1, 0; 
1, 0; 1, 0; 2, 160; 2, 110; 2, 107; 2, 105; 2, 107; 1, 0; 2, 0; 2, 0; 1, 0; 1, 0; 
1, 0; 1, 0; 2, 116; 2, 105; 2, 103; 2, 150; 2, 103; 2, 146; 2, 180; 2, 24; 1, 0; 1, 0; 
1, 0; 2, 191; 2, 188; 2, 110; 2, 105; 2, 105; 2, 103; 2, 138; 2, 0; 2, 0; 1, 0; 1, 0; 
1, 0; 1, 0; 2, 113; 2, 109; 2, 109; 2, 120; 2, 107; 2, 136; 2, 2; 2, 0; 1, 0; 
1, 0; 1, 0; 2, 105; 2, 142; 2, 103; 2, 138; 2, 103; 2, 128; 2, 0; 2, 0; 1, 0; 
1, 0; 1, 0; 2, 109; 2, 140; 2, 107; 2, 138; 2, 107; 2, 109; 2, 0; 2, 0; 1, 0; 1, 0; 
1, 0; 2, 172; 2, 118; 2, 105; 2, 103; 2, 105; 2, 103; 2, 106; 2, 2; 2, 0; 1, 0; 
1, 0; 2, 126; 2, 107; 2, 107; 2, 136; 2, 105; 2, 109; 2, 134; 2, 0; 1, 0; 1, 0; 
1, 0; 2, 189; 2, 192; 2, 105; 2, 105; 2, 136; 2, 108; 2, 109; 2, 0; 2, 0; 1, 0; 
1, 0; 2, 190; 2, 189; 2, 105; 2, 101; 2, 138; 2, 107; 2, 105; 2, 0; 2, 0; 1, 0; 
1, 0; 2, 184; 2, 192; 2, 107; 2, 103; 2, 138; 2, 107; 2, 107; 2, 172; 2, 24; 1, 0; 1, 0; 
1, 0; 1, 0; 2, 111; 2, 115; 2, 103; 2, 185; 2, 128; 2, 107; 2, 0; 2, 0; 1, 0; 
1, 0; 1, 0; 2, 103; 2, 138; 2, 103; 2, 140; 2, 103; 2, 132; 2, 0; 2, 0; 1, 0; 
1, 0; 1, 0; 2, 113; 2, 138; 2, 103; 2, 118; 2, 103; 2, 103; 2, 0; 2, 0; 1, 0; 
1, 0; 1, 0; 2, 107; 2, 107; 2, 105; 2, 136; 2, 114; 2, 103; 2, 0; 2, 0; 1, 0; 
1, 0; 1, 0; 2, 109; 2, 105; 2, 105; 2, 184; 2, 148; 2, 103; 2, 0; 2, 0; 1, 0; 
1, 0; 1, 0; 2, 111; 2, 103; 2, 105; 2, 105; 2, 105; 2, 130; 2, 0; 2, 0; 1, 0; 
1, 0; 1, 0; 2, 112; 2, 116; 2, 103; 2, 142; 2, 107; 2, 105; 2, 0; 2, 0; 1, 0; 
1, 0; 1, 0; 2, 108; 2, 107; 2, 105; 2, 105; 2, 107; 1, 0; 2, 0; 2, 0; 1, 0; 
1, 0; 1, 0; 2, 107; 2, 132; 2, 109; 2, 140; 2, 109; 2, 140; 2, 0; 2, 0; 1, 0; 
1, 0; 1, 0; 2, 111; 2, 109; 2, 105; 2, 134; 2, 105; 2, 103; 2, 0; 2, 0; 1, 0; 1, 0; 
1, 0; 1, 0; 2, 103; 2, 112; 2, 107; 2, 109; 2, 103; 2, 108; 2, 0; 2, 0; 1, 0; 
1, 0; 1, 0; 2, 109; 2, 140; 2, 103; 2, 116; 2, 154; 2, 105; 2, 0; 2, 0; 1, 0; 1, 0; 
1, 0; 2, 162; 2, 108; 2, 103; 2, 132; 2, 103; 2, 103; 2, 142; 2, 0; 2, 0; 1, 0; 1, 0; 
1, 0; 1, 0; 2, 105; 2, 107; 2, 107; 2, 117; 2, 109; 2, 132; 2, 0; 2, 0; 1, 0; 
1, 0; 1, 0; 2, 107; 2, 105; 2, 105; 2, 136; 2, 103; 2, 103; 2, 0; 2, 0; 1, 0; 
1, 0; 2, 189; 2, 103; 2, 105; 2, 105; 2, 144; 2, 105; 2, 107; 2, 2; 2, 0; 1, 0; 
1, 0; 2, 138; 2, 103; 2, 110; 2, 109; 2, 105; 2, 107; 2, 107; 2, 0; 1, 0; 1, 0; 1, 0; 
1, 0; 2, 180; 2, 111; 2, 150; 2, 109; 2, 105; 2, 103; 2, 144; 3, 103; 2, 2; 1, 0; 1, 0; 
1, 0; 1, 0; 2, 109; 2, 105; 2, 105; 2, 134; 2, 107; 2, 134; 2, 2; 2, 0; 1, 0; 
1, 0; 1, 0; 2, 115; 2, 134; 2, 105; 2, 138; 2, 110; 2, 111; 2, 2; 2, 0; 1, 0; 1, 0; 
1, 0; 2, 136; 2, 109; 2, 101; 2, 109; 2, 105; 2, 105; 2, 107; 2, 0; 1, 0; 1, 0; 
1, 0; 2, 191; 2, 190; 2, 103; 2, 109; 2, 150; 2, 107; 2, 106; 2, 2; 2, 2; 1, 0; 
1, 0; 1, 0; 2, 243; 2, 109; 2, 152; 2, 119; 2, 144; 2, 107; 2, 0; 1, 0; 1, 0; 
1, 0; 2, 176; 2, 107; 2, 105; 2, 148; 2, 105; 2, 107; 2, 109; 2, 2; 2, 2; 1, 0; 
1, 0; 2, 188; 2, 117; 2, 107; 2, 134; 2, 105; 2, 132; 1, 0; 2, 2; 2, 0; 1, 0; 
1, 0; 1, 0; 2, 166; 2, 107; 2, 105; 2, 109; 2, 105; 1, 0; 2, 0; 2, 0; 1, 0; 
1, 0; 1, 0; 2, 107; 2, 115; 2, 109; 2, 138; 2, 105; 2, 105; 2, 0; 2, 0; 1, 0; 
1, 0; 1, 0; 2, 105; 2, 138; 2, 107; 2, 109; 2, 109; 1, 0; 2, 0; 2, 2; 1, 0; 
1, 0; 1, 0; 2, 111; 2, 107; 2, 105; 2, 105; 2, 107; 1, 0; 2, 0; 2, 0; 1, 0; 
1, 0; 1, 0; 2, 107; 2, 105; 2, 105; 2, 184; 2, 105; 1, 0; 2, 14; 2, 2; 1, 0; 
