1, 0; 1, 0; 1, 0; 1, 0; 1, 0; 1, 0; 1, 0; 1, 0; 2, 0; 2, 0; 1, 0; 
1, 0; 1, 0; 1, 0; 1, 0; 1, 0; 1, 0; 1, 0; 1, 0; 2, 0; 1, 0; 1, 0; 
1, 0; 1, 0; 1, 0; 1, 0; 1, 0; 1, 0; 1, 0; 1, 0; 2, 0; 2, 4; 1, 0; 
1, 0; 1, 0; 1, 0; 1, 0; 1, 0; 1, 0; 1, 0; 1, 0; 2, 2; 2, 0; 1, 0; 
1, 0; 1, 0; 1, 0; 1, 0; 1, 0; 1, 0; 1, 0; 1, 0; 2, 0; 2, 0; 1, 0; 
1, 0; 1, 0; 1, 0; 1, 0; 1, 0; 1, 0; 1, 0; 1, 0; 2, 0; 2, 0; 1, 0; 
1, 0; 1, 0; 1, 0; 1, 0; 1, 0; 1, 0; 1, 0; 1, 0; 2, 0; 2, 0; 1, 0; 
1, 0; 1, 0; 1, 0; 1, 0; 1, 0; 1, 0; 1, 0; 1, 0; 2, 0; 1, 0; 1, 0; 
1, 0; 1, 0; 1, 0; 1, 0; 1, 0; 1, 0; 1, 0; 1, 0; 2, 0; 2, 59; 1, 0; 1, 0; 
1, 0; 1, 0; 1, 0; 1, 0; 1, 0; 1, 0; 1, 0; 1, 0; 2, 2; 2, 0; 1, 0; 
1, 0; 1, 0; 1, 0; 1, 0; 1, 0; 1, 0; 1, 0; 1, 0; 2, 0; 2, 0; 1, 0; 
1, 0; 1, 0; 1, 0; 1, 0; 1, 0; 1, 0; 1, 0; 1, 0; 1, 0; 2, 0; 1, 0; 1, 0; 
1, 0; 1, 0; 1, 0; 1, 0; 1, 0; 1, 0; 1, 0; 1, 0; 2, 0; 2, 0; 1, 0; 
1, 0; 1, 0; 1, 0; 1, 0; 1, 0; 1, 0; 1, 0; 1, 0; 2, 0; 2, 2; 1, 0; 
1, 0; 1, 0; 1, 0; 1, 0; 1, 0; 1, 0; 1, 0; 1, 0; 2, 0; 1, 0; 1, 0; 
1, 0; 1, 0; 1, 0; 1, 0; 1, 0; 1, 0; 1, 0; 1, 0; 2, 0; 2, 0; 1, 0; 
1, 0; 1, 0; 1, 0; 1, 0; 1, 0; 1, 0; 1, 0; 1, 0; 2, 0; 2, 0; 1, 0; 
1, 0; 1, 0; 1, 0; 1, 0; 1, 0; 1, 0; 1, 0; 1, 0; 2, 0; 2, 0; 1, 0; 
1, 0; 1, 0; 1, 0; 1, 0; 1, 0; 1, 0; 1, 0; 1, 0; 2, 0; 1, 0; 1, 0; 
1, 0; 1, 0; 1, 0; 1, 0; 1, 0; 1, 0; 1, 0; 1, 0; 2, 0; 2, 0; 1, 0; 
1, 0; 1, 0; 1, 0; 1, 0; 1, 0; 1, 0; 1, 0; 1, 0; 2, 0; 2, 0; 1, 0; 
1, 0; 1, 0; 1, 0; 1, 0; 1, 0; 1, 0; 1, 0; 1, 0; 2, 0; 2, 0; 1, 0; 
1, 0; 1, 0; 1, 0; 1, 0; 1, 0; 1, 0; 1, 0; 1, 0; 2, 0; 1, 0; 1, 0; 
1, 0; 1, 0; 1, 0; 1, 0; 1, 0; 1, 0; 1, 0; 1, 0; 2, 0; 2, 2; 1, 0; 
1, 0; 1, 0; 1, 0; 1, 0; 1, 0; 1, 0; 1, 0; 1, 0; 1, 0; 2, 16; 1, 0; 1, 0; 
1, 0; 1, 0; 1, 0; 1, 0; 1, 0; 1, 0; 1, 0; 1, 0; 2, 0; 2, 0; 1, 0; 
1, 0; 1, 0; 1, 0; 1, 0; 1, 0; 1, 0; 1, 0; 1, 0; 2, 2; 1, 0; 1, 0; 
1, 0; 1, 0; 1, 0; 1, 0; 1, 0; 1, 0; 1, 0; 1, 0; 2, 0; 1, 0; 1, 0; 
1, 0; 1, 0; 1, 0; 1, 0; 1, 0; 1, 0; 1, 0; 1, 0; 2, 2; 2, 0; 1, 0; 
1, 0; 1, 0; 1, 0; 1, 0; 1, 0; 1, 0; 1, 0; 1, 0; 2, 0; 2, 0; 1, 0; 
1, 0; 1, 0; 1, 0; 1, 0; 1, 0; 1, 0; 1, 0; 1, 0; 2, 0; 2, 0; 1, 0; 
1, 0; 1, 0; 1, 0; 1, 0; 1, 0; 1, 0; 1, 0; 1, 0; 2, 0; 2, 0; 1, 0; 
1, 0; 1, 0; 1, 0; 1, 0; 1, 0; 1, 0; 1, 0; 1, 0; 2, 0; 2, 0; 1, 0; 
1, 0; 1, 0; 1, 0; 1, 0; 1, 0; 1, 0; 1, 0; 1, 0; 2, 2; 1, 0; 1, 0; 
1, 0; 1, 0; 1, 0; 1, 0; 1, 0; 1, 0; 1, 0; 1, 0; 2, 0; 2, 0; 1, 0; 
1, 0; 1, 0; 1, 0; 1, 0; 1, 0; 1, 0; 1, 0; 1, 0; 2, 0; 2, 0; 1, 0; 
1, 0; 1, 0; 1, 0; 1, 0; 1, 0; 1, 0; 1, 0; 1, 0; 2, 0; 2, 0; 1, 0; 
1, 0; 1, 0; 1, 0; 1, 0; 1, 0; 1, 0; 1, 0; 1, 0; 2, 0; 2, 0; 1, 0; 
1, 0; 1, 0; 1, 0; 1, 0; 1, 0; 1, 0; 1, 0; 1, 0; 2, 0; 2, 0; 1, 0; 
1, 0; 2, 111; 2, 107; 2, 148; 2, 105; 2, 142; 2, 107; 1, 0; 2, 0; 1, 0; 1, 0; 
1, 0; 1, 0; 1, 0; 1, 0; 1, 0; 1, 0; 1, 0; 1, 0; 2, 0; 1, 0; 1, 0; 
1, 0; 1, 0; 1, 0; 1, 0; 1, 0; 1, 0; 1, 0; 1, 0; 2, 2; 2, 0; 1, 0; 
1, 0; 1, 0; 1, 0; 1, 0; 1, 0; 1, 0; 1, 0; 1, 0; 2, 0; 2, 0; 1, 0; 
1, 0; 2, 107; 2, 103; 2, 148; 2, 107; 2, 144; 2, 105; 1, 0; 2, 2; 1, 0; 1, 0; 
1, 0; 1, 0; 1, 0; 1, 0; 1, 0; 1, 0; 1, 0; 1, 0; 2, 0; 1, 0; 1, 0; 
1, 0; 1, 0; 1, 0; 1, 0; 1, 0; 1, 0; 1, 0; 1, 0; 1, 0; 2, 16; 1, 0; 1, 0; 
1, 0; 1, 0; 1, 0; 1, 0; 1, 0; 1, 0; 1, 0; 1, 0; 2, 0; 2, 0; 1, 0; 
1, 0; 1, 0; 1, 0; 1, 0; 1, 0; 1, 0; 1, 0; 1, 0; 2, 0; 2, 0; 1, 0; 
1, 0; 1, 0; 1, 0; 1, 0; 1, 0; 1, 0; 1, 0; 1, 0; 2, 0; 1, 0; 1, 0; 
1, 0; 1, 0; 1, 0; 1, 0; 1, 0; 1, 0; 1, 0; 1, 0; 2, 0; 2, 0; 1, 0; 
1, 0; 1, 0; 1, 0; 1, 0; 1, 0; 1, 0; 1, 0; 1, 0; 2, 0; 2, 0; 1, 0; 
1, 0; 1, 0; 1, 0; 1, 0; 1, 0; 1, 0; 1, 0; 1, 0; 2, 0; 2, 0; 1, 0; 
1, 0; 1, 0; 1, 0; 1, 0; 1, 0; 1, 0; 1, 0; 1, 0; 2, 0; 1, 0; 1, 0; 
1, 0; 1, 0; 1, 0; 1, 0; 1, 0; 1, 0; 1, 0; 1, 0; 2, 0; 1, 0; 1, 0; 
1, 0; 1, 0; 1, 0; 1, 0; 1, 0; 1, 0; 1, 0; 1, 0; 2, 2; 2, 0; 1, 0; 
1, 0; 1, 0; 1, 0; 1, 0; 1, 0; 1, 0; 1, 0; 1, 0; 2, 0; 2, 0; 1, 0; 
1, 0; 1, 0; 1, 0; 1, 0; 1, 0; 1, 0; 1, 0; 1, 0; 2, 0; 2, 0; 1, 0; 
1, 0; 1, 0; 1, 0; 1, 0; 1, 0; 1, 0; 1, 0; 1, 0; 2, 0; 1, 0; 1, 0; 
1, 0; 1, 0; 1, 0; 1, 0; 1, 0; 1, 0; 1, 0; 1, 0; 2, 0; 1, 0; 1, 0; 
1, 0; 1, 0; 1, 0; 1, 0; 1, 0; 1, 0; 1, 0; 1, 0; 2, 0; 2, 0; 1, 0; 
1, 0; 1, 0; 1, 0; 1, 0; 1, 0; 1, 0; 1, 0; 1, 0; 2, 0; 2, 0; 1, 0; 
1, 0; 1, 0; 1, 0; 1, 0; 1, 0; 1, 0; 1, 0; 1, 0; 2, 0; 2, 0; 1, 0; 
1, 0; 1, 0; 1, 0; 1, 0; 1, 0; 1, 0; 1, 0; 1, 0; 2, 0; 2, 0; 1, 0; 
1, 0; 1, 0; 1, 0; 1, 0; 1, 0; 1, 0; 1, 0; 1, 0; 2, 0; 2, 0; 1, 0; 
1, 0; 1, 0; 1, 0; 1, 0; 1, 0; 1, 0; 1, 0; 1, 0; 2, 0; 1, 0; 1, 0; 
1, 0; 1, 0; 1, 0; 1, 0; 1, 0; 1, 0; 1, 0; 1, 0; 2, 0; 1, 0; 1, 0; 
1, 0; 1, 0; 1, 0; 1, 0; 1, 0; 1, 0; 1, 0; 1, 0; 2, 0; 2, 0; 1, 0; 
