0, 0, 0, 168, 307, 370, 229, 231, 160, 196, 222, 225, 166, 202, 186, 273, 103, 51, 91, 107, 77, 0, 0, 0, 0, 0, 0, 0, 0, 0, 0, 0, 0, 0, 0, 0, 0, 0, 0, 0, 0, 2, 0, 0, 0, 
0, 0, 0, 204, 236, 208, 214, 206, 206, 202, 223, 239, 247, 243, 202, 206, 0, 2, 0, 0, 0, 73, 0, 0, 0, 
0, 0, 0, 105, 265, 210, 170, 214, 198, 200, 134, 213, 107, 137, 131, 164, 184, 61, 101, 105, 0, 0, 79, 128, 0, 77, 0, 0, 0, 0, 0, 
0, 0, 430, 404, 328, 254, 215, 206, 214, 206, 330, 208, 208, 218, 231, 239, 6, 2, 0, 0, 0, 0, 0, 0, 0, 0, 0, 0, 0, 0, 0, 
0, 0, 0, 396, 466, 284, 196, 208, 146, 202, 101, 177, 221, 200, 210, 119, 128, 105, 101, 0, 0, 0, 0, 0, 0, 0, 0, 0, 0, 0, 
0, 0, 538, 206, 265, 276, 231, 208, 212, 212, 335, 210, 235, 247, 239, 134, 160, 0, 39, 0, 6, 0, 0, 0, 0, 0, 0, 
0, 0, 0, 382, 510, 347, 217, 204, 202, 204, 208, 324, 239, 243, 202, 235, 140, 0, 2, 0, 0, 0, 0, 0, 0, 
0, 0, 0, 408, 488, 336, 218, 206, 198, 202, 206, 202, 254, 262, 200, 206, 0, 12, 2, 0, 0, 0, 0, 0, 0, 
0, 0, 0, 392, 515, 295, 218, 204, 202, 198, 235, 246, 202, 231, 243, 206, 0, 0, 0, 0, 0, 0, 0, 0, 77, 0, 0, 0, 0, 0, 
0, 0, 544, 210, 231, 248, 250, 241, 209, 198, 239, 216, 210, 206, 239, 233, 150, 0, 28, 0, 4, 0, 0, 0, 0, 0, 
0, 0, 0, 380, 562, 264, 212, 212, 202, 198, 202, 262, 252, 204, 212, 207, 0, 0, 2, 0, 0, 2, 0, 0, 0, 
0, 0, 0, 512, 398, 344, 222, 202, 202, 208, 206, 324, 212, 241, 251, 239, 128, 43, 0, 28, 0, 0, 0, 0, 0, 0, 0, 
0, 0, 0, 280, 541, 243, 218, 206, 204, 208, 202, 279, 249, 204, 235, 231, 0, 0, 0, 0, 0, 0, 0, 0, 0, 0, 0, 
0, 0, 0, 538, 212, 332, 258, 206, 200, 198, 208, 202, 268, 239, 202, 206, 0, 142, 0, 30, 0, 0, 0, 0, 0, 
0, 0, 0, 214, 202, 198, 204, 207, 202, 204, 239, 272, 200, 208, 212, 198, 105, 0, 0, 0, 0, 14, 0, 0, 0, 0, 
0, 0, 0, 392, 504, 314, 218, 200, 202, 202, 198, 224, 262, 206, 202, 202, 0, 2, 2, 0, 0, 0, 0, 0, 0, 0, 0, 0, 0, 0, 
0, 0, 332, 602, 292, 216, 206, 198, 204, 212, 363, 202, 233, 231, 227, 132, 0, 0, 0, 0, 0, 0, 0, 0, 
0, 0, 0, 0, 496, 275, 318, 243, 206, 202, 208, 206, 258, 237, 239, 231, 204, 0, 113, 0, 30, 0, 0, 0, 0, 
0, 0, 0, 494, 251, 306, 264, 222, 198, 214, 204, 377, 210, 208, 237, 239, 132, 107, 0, 30, 0, 0, 0, 0, 
0, 0, 0, 262, 434, 198, 208, 202, 208, 215, 235, 219, 235, 212, 198, 210, 0, 0, 2, 0, 73, 0, 0, 0, 0, 
0, 0, 0, 396, 492, 320, 225, 204, 198, 206, 206, 389, 210, 206, 260, 257, 121, 4, 2, 0, 0, 0, 0, 0, 
0, 0, 0, 202, 253, 202, 198, 214, 200, 202, 202, 224, 248, 264, 234, 208, 0, 0, 0, 0, 0, 67, 0, 0, 0, 
0, 0, 0, 342, 584, 280, 221, 210, 198, 206, 198, 225, 231, 229, 208, 198, 113, 0, 2, 0, 0, 0, 0, 0, 
0, 0, 0, 202, 204, 202, 204, 212, 202, 202, 198, 294, 231, 212, 235, 235, 138, 0, 0, 0, 0, 73, 0, 0, 0, 
0, 0, 0, 268, 582, 214, 216, 204, 204, 202, 208, 405, 204, 210, 264, 266, 215, 0, 2, 0, 0, 0, 0, 0, 0, 
0, 0, 0, 516, 298, 312, 258, 218, 202, 202, 206, 310, 214, 245, 204, 212, 99, 79, 0, 30, 0, 0, 0, 0, 
0, 0, 0, 0, 478, 410, 350, 228, 200, 202, 206, 206, 330, 235, 259, 241, 115, 0, 0, 0, 0, 6, 0, 0, 0, 
0, 0, 0, 482, 350, 350, 247, 219, 206, 202, 202, 204, 231, 235, 198, 202, 0, 0, 2, 0, 22, 0, 0, 0, 
0, 0, 0, 214, 322, 198, 202, 210, 202, 198, 202, 198, 268, 260, 221, 202, 0, 0, 0, 0, 0, 47, 0, 0, 0, 
0, 0, 0, 390, 536, 318, 219, 206, 198, 206, 202, 289, 237, 245, 198, 229, 136, 0, 2, 2, 0, 0, 0, 0, 
0, 0, 0, 0, 356, 602, 237, 216, 204, 202, 198, 208, 235, 237, 239, 206, 107, 2, 0, 0, 0, 67, 0, 0, 0, 
0, 0, 0, 344, 525, 281, 237, 211, 202, 202, 202, 232, 206, 237, 241, 219, 140, 0, 2, 0, 2, 0, 0, 0, 
0, 0, 0, 198, 227, 198, 206, 214, 204, 202, 225, 239, 214, 231, 239, 214, 0, 0, 2, 0, 0, 73, 0, 0, 0, 
0, 0, 0, 338, 566, 280, 233, 208, 202, 206, 206, 273, 245, 212, 198, 202, 101, 0, 2, 0, 0, 0, 0, 0, 
0, 0, 0, 0, 286, 486, 204, 198, 212, 210, 210, 247, 247, 221, 214, 198, 101, 0, 0, 0, 0, 71, 0, 0, 0, 
0, 0, 0, 294, 584, 235, 216, 202, 200, 202, 212, 426, 208, 202, 237, 239, 241, 0, 2, 0, 0, 0, 0, 0, 
0, 0, 0, 218, 198, 202, 202, 208, 204, 216, 233, 359, 204, 206, 208, 212, 105, 0, 0, 2, 0, 71, 0, 0, 0, 
0, 0, 0, 260, 365, 200, 202, 206, 206, 198, 225, 266, 239, 198, 210, 204, 0, 0, 2, 2, 0, 0, 0, 0, 
0, 0, 0, 396, 472, 312, 234, 202, 202, 208, 214, 468, 214, 198, 254, 260, 235, 6, 2, 0, 0, 0, 0, 0, 
0, 0, 0, 204, 328, 202, 208, 206, 202, 204, 206, 244, 233, 206, 202, 198, 103, 0, 0, 2, 0, 63, 0, 0, 0, 
0, 0, 0, 366, 568, 298, 218, 202, 198, 208, 210, 356, 208, 206, 200, 266, 270, 0, 2, 0, 0, 0, 0, 0, 
0, 0, 0, 0, 338, 606, 243, 216, 208, 198, 202, 225, 241, 208, 235, 229, 210, 0, 0, 0, 0, 0, 0, 0, 0, 
0, 0, 0, 336, 519, 322, 237, 231, 214, 208, 206, 257, 204, 208, 231, 229, 180, 0, 2, 0, 0, 0, 0, 0, 
0, 0, 0, 202, 222, 198, 206, 210, 214, 198, 216, 272, 260, 202, 204, 202, 0, 2, 0, 0, 0, 73, 0, 0, 0, 
0, 0, 0, 320, 602, 265, 218, 206, 202, 206, 208, 272, 208, 226, 237, 222, 136, 0, 0, 0, 2, 0, 0, 0, 
0, 0, 0, 206, 202, 198, 202, 204, 206, 212, 235, 206, 243, 237, 208, 208, 0, 0, 0, 0, 0, 71, 0, 0, 0, 
0, 0, 0, 262, 474, 200, 210, 210, 204, 198, 202, 235, 248, 235, 206, 214, 0, 0, 2, 0, 0, 0, 0, 0, 0, 
0, 0, 0, 446, 441, 308, 235, 200, 202, 202, 206, 221, 235, 237, 204, 206, 115, 39, 0, 30, 0, 0, 0, 0, 
0, 0, 0, 246, 442, 200, 220, 204, 202, 198, 208, 421, 206, 214, 276, 250, 105, 0, 0, 6, 0, 0, 0, 0, 
0, 0, 0, 214, 204, 202, 202, 202, 208, 226, 237, 256, 255, 202, 208, 204, 0, 0, 0, 0, 0, 24, 0, 0, 0, 
