0, 0, 0, 109, 99, 101, 99, 101, 105, 99, 128, 130, 111, 101, 99, 99, 0, 0, 0, 2, 0, 77, 0, 0, 0, 
0, 0, 0, 197, 221, 184, 118, 99, 99, 107, 107, 207, 105, 107, 101, 107, 124, 45, 0, 24, 0, 0, 0, 0, 
0, 0, 0, 168, 290, 168, 107, 99, 101, 101, 103, 194, 101, 101, 134, 134, 0, 0, 0, 0, 0, 0, 0, 0, 0, 
0, 0, 0, 101, 109, 107, 103, 101, 107, 103, 134, 132, 126, 120, 107, 101, 99, 0, 0, 0, 0, 0, 0, 0, 0, 0, 0, 
0, 0, 0, 249, 195, 186, 119, 101, 99, 107, 105, 190, 105, 101, 101, 130, 142, 87, 0, 20, 0, 4, 0, 0, 0, 
0, 0, 0, 170, 272, 183, 107, 99, 101, 105, 104, 158, 105, 99, 128, 134, 97, 0, 2, 0, 0, 0, 0, 0, 0, 
0, 0, 0, 107, 199, 101, 101, 107, 101, 99, 99, 128, 138, 103, 101, 101, 0, 0, 0, 0, 0, 0, 0, 0, 
0, 0, 0, 99, 203, 101, 101, 107, 101, 101, 99, 113, 132, 134, 99, 105, 0, 2, 0, 0, 0, 0, 0, 0, 
0, 0, 0, 116, 215, 101, 103, 105, 99, 99, 114, 126, 116, 101, 103, 103, 0, 0, 0, 0, 0, 0, 0, 0, 0, 
0, 0, 284, 176, 176, 136, 134, 105, 101, 99, 99, 101, 101, 107, 99, 105, 231, 0, 24, 0, 0, 0, 0, 0, 0, 0, 
0, 0, 0, 108, 259, 103, 101, 103, 101, 101, 101, 126, 126, 99, 107, 101, 0, 0, 0, 0, 0, 12, 0, 0, 0, 
0, 0, 0, 103, 101, 101, 101, 99, 105, 109, 136, 118, 99, 103, 99, 101, 0, 0, 0, 71, 0, 0, 0, 0, 
0, 0, 187, 101, 103, 101, 138, 128, 99, 103, 101, 101, 99, 107, 103, 107, 318, 0, 14, 0, 0, 0, 0, 0, 
0, 0, 181, 101, 101, 101, 134, 136, 99, 99, 101, 101, 106, 99, 134, 134, 0, 0, 14, 0, 0, 0, 0, 0, 
0, 0, 0, 107, 101, 101, 101, 99, 107, 101, 134, 128, 105, 101, 105, 107, 0, 2, 0, 77, 0, 0, 0, 0, 0, 
0, 0, 0, 146, 332, 116, 107, 107, 101, 101, 101, 99, 136, 103, 105, 101, 0, 0, 2, 0, 0, 0, 0, 0, 0, 
0, 0, 0, 103, 109, 101, 103, 105, 101, 99, 132, 132, 107, 101, 107, 101, 0, 0, 0, 2, 0, 75, 0, 0, 0, 
0, 0, 0, 184, 284, 138, 109, 101, 101, 99, 107, 174, 99, 136, 140, 101, 0, 0, 0, 0, 0, 0, 0, 0, 
0, 0, 168, 296, 189, 109, 103, 99, 105, 107, 227, 101, 101, 113, 144, 136, 0, 2, 0, 0, 0, 0, 0, 0, 
0, 0, 0, 101, 105, 107, 107, 101, 132, 128, 101, 99, 107, 101, 105, 101, 0, 0, 0, 0, 0, 0, 0, 0, 
0, 0, 132, 263, 128, 107, 101, 99, 105, 101, 101, 101, 99, 105, 101, 105, 119, 113, 0, 24, 0, 0, 0, 0, 
0, 0, 243, 202, 184, 126, 101, 101, 105, 107, 105, 121, 101, 101, 120, 134, 266, 0, 24, 0, 0, 0, 0, 0, 
0, 0, 241, 101, 101, 125, 140, 112, 99, 101, 99, 101, 107, 103, 126, 128, 283, 0, 40, 0, 0, 0, 0, 0, 
0, 0, 187, 99, 101, 107, 112, 128, 136, 138, 101, 101, 101, 101, 103, 103, 101, 0, 14, 0, 0, 0, 0, 0, 
0, 0, 0, 288, 144, 156, 132, 103, 101, 107, 107, 215, 101, 134, 136, 107, 0, 134, 0, 26, 0, 0, 0, 0, 0, 
0, 0, 0, 275, 174, 162, 111, 103, 99, 99, 103, 115, 136, 107, 107, 101, 0, 138, 0, 28, 0, 0, 0, 0, 0, 
0, 0, 189, 101, 103, 101, 132, 134, 99, 99, 101, 101, 105, 101, 106, 117, 178, 0, 16, 0, 8, 0, 0, 0, 
0, 0, 132, 241, 103, 109, 99, 101, 107, 105, 105, 227, 121, 130, 138, 103, 107, 2, 0, 0, 0, 0, 0, 0, 
0, 0, 154, 304, 162, 107, 103, 101, 107, 103, 205, 107, 107, 99, 105, 107, 0, 2, 0, 0, 0, 0, 0, 0, 
0, 0, 0, 103, 158, 101, 99, 103, 101, 101, 101, 136, 101, 118, 130, 132, 121, 0, 0, 0, 0, 73, 0, 0, 0, 
0, 0, 0, 101, 105, 101, 103, 103, 101, 101, 99, 99, 101, 128, 140, 103, 0, 0, 0, 65, 0, 0, 0, 0, 
0, 0, 0, 99, 136, 101, 103, 105, 99, 101, 101, 113, 130, 112, 99, 103, 0, 0, 0, 0, 0, 75, 0, 0, 0, 
0, 0, 0, 103, 113, 99, 107, 107, 101, 99, 103, 231, 105, 99, 124, 132, 134, 0, 0, 0, 0, 77, 0, 0, 0, 
0, 0, 0, 294, 109, 164, 126, 124, 107, 107, 101, 142, 99, 105, 101, 107, 128, 122, 0, 22, 0, 2, 0, 0, 0, 
0, 0, 0, 170, 290, 178, 105, 101, 101, 105, 99, 105, 101, 105, 99, 99, 114, 0, 2, 0, 0, 0, 0, 0, 0, 0, 2, 0, 0, 0, 0, 2, 0, 0, 0, 0, 0, 2, 0, 0, 0, 0, 0, 0, 0, 0, 0, 0, 
0, 0, 0, 164, 322, 103, 107, 103, 101, 101, 101, 130, 99, 132, 120, 105, 0, 0, 2, 0, 0, 2, 0, 0, 0, 
0, 0, 0, 122, 225, 99, 101, 105, 99, 101, 101, 126, 138, 105, 101, 105, 0, 0, 2, 0, 0, 0, 0, 0, 0, 
0, 0, 180, 235, 187, 118, 101, 101, 105, 99, 101, 115, 105, 105, 115, 132, 168, 2, 6, 0, 0, 0, 0, 0, 
0, 0, 160, 306, 156, 109, 99, 101, 107, 99, 99, 148, 105, 111, 140, 138, 107, 0, 0, 0, 0, 0, 0, 0, 
0, 0, 0, 278, 156, 156, 128, 99, 99, 101, 107, 170, 117, 140, 99, 107, 0, 136, 0, 26, 0, 0, 0, 0, 0, 
0, 0, 0, 227, 219, 162, 107, 99, 101, 101, 105, 178, 101, 132, 138, 107, 0, 91, 0, 26, 0, 0, 0, 0, 
0, 0, 0, 144, 316, 103, 109, 107, 99, 101, 101, 99, 140, 134, 101, 99, 0, 0, 0, 0, 0, 0, 0, 0, 0, 
0, 0, 0, 168, 328, 100, 107, 105, 101, 99, 107, 132, 105, 101, 99, 107, 0, 0, 2, 0, 0, 0, 0, 0, 0, 
0, 0, 0, 101, 245, 103, 101, 105, 99, 101, 105, 128, 120, 99, 105, 101, 0, 0, 0, 0, 67, 0, 0, 0, 
0, 0, 0, 99, 126, 103, 99, 99, 107, 134, 99, 101, 101, 103, 101, 134, 0, 0, 0, 0, 36, 0, 0, 0, 0, 0, 
0, 0, 0, 174, 300, 109, 109, 105, 99, 101, 120, 134, 105, 101, 101, 105, 0, 12, 2, 0, 0, 0, 0, 0, 
0, 0, 0, 182, 304, 122, 107, 107, 101, 99, 99, 103, 136, 126, 99, 101, 0, 30, 0, 2, 0, 0, 0, 0, 0, 
0, 0, 314, 103, 170, 130, 103, 99, 99, 101, 114, 132, 134, 101, 101, 0, 187, 0, 36, 0, 8, 0, 0, 0, 
0, 0, 0, 130, 209, 103, 101, 107, 101, 99, 107, 130, 120, 101, 107, 101, 0, 0, 0, 0, 0, 0, 0, 0, 0, 
0, 0, 0, 101, 101, 101, 99, 103, 107, 101, 134, 138, 105, 99, 107, 101, 0, 0, 0, 57, 0, 0, 0, 0, 
