1, 0; 1, 0; 3, 214; 3, 216; 3, 214; 3, 278; 3, 214; 3, 282; 2, 0; 2, 0; 1, 0; 1, 0; 
1, 0; 1, 0; 3, 210; 3, 296; 3, 214; 3, 243; 3, 264; 2, 107; 2, 16; 2, 6; 1, 0; 1, 0; 
1, 0; 3, 220; 3, 210; 3, 280; 3, 210; 3, 208; 3, 245; 1, 0; 2, 0; 2, 0; 1, 0; 1, 0; 
1, 0; 3, 384; 3, 361; 3, 210; 3, 228; 3, 218; 3, 210; 1, 0; 2, 0; 2, 0; 1, 0; 1, 0; 
1, 0; 1, 0; 3, 241; 3, 212; 3, 214; 3, 282; 3, 214; 3, 214; 2, 0; 2, 0; 1, 0; 1, 0; 
1, 0; 1, 0; 3, 222; 3, 254; 3, 212; 3, 322; 3, 212; 3, 226; 2, 2; 2, 0; 1, 0; 1, 0; 
1, 0; 1, 0; 3, 216; 3, 247; 3, 220; 3, 292; 3, 225; 3, 227; 2, 0; 2, 4; 1, 0; 1, 0; 
1, 0; 3, 208; 3, 212; 3, 212; 3, 243; 3, 208; 3, 245; 2, 126; 2, 2; 2, 0; 1, 0; 1, 0; 
1, 0; 1, 0; 3, 253; 3, 222; 3, 214; 3, 230; 3, 216; 3, 245; 2, 0; 2, 2; 1, 0; 1, 0; 
1, 0; 1, 0; 3, 216; 3, 251; 3, 212; 3, 295; 3, 226; 3, 245; 2, 0; 2, 0; 1, 0; 1, 0; 
1, 0; 1, 0; 3, 214; 3, 253; 3, 216; 3, 285; 3, 245; 3, 208; 2, 0; 2, 0; 1, 0; 1, 0; 
1, 0; 3, 214; 3, 216; 3, 212; 3, 222; 3, 206; 3, 237; 2, 85; 2, 0; 2, 0; 1, 0; 
1, 0; 1, 0; 3, 210; 3, 268; 3, 218; 3, 322; 3, 249; 3, 208; 2, 0; 2, 0; 1, 0; 1, 0; 
1, 0; 1, 0; 3, 214; 3, 216; 3, 214; 3, 318; 3, 241; 3, 208; 2, 0; 2, 0; 1, 0; 1, 0; 
1, 0; 3, 216; 3, 214; 3, 255; 3, 210; 3, 218; 3, 245; 1, 0; 2, 0; 2, 0; 1, 0; 1, 0; 
1, 0; 1, 0; 3, 358; 3, 208; 3, 212; 3, 206; 3, 216; 3, 211; 2, 0; 2, 0; 1, 0; 1, 0; 
1, 0; 1, 0; 3, 218; 3, 245; 3, 210; 3, 233; 3, 214; 3, 235; 2, 0; 2, 0; 1, 0; 1, 0; 
1, 0; 1, 0; 3, 216; 3, 243; 3, 214; 3, 298; 3, 214; 3, 210; 2, 0; 2, 0; 1, 0; 1, 0; 
1, 0; 3, 212; 3, 212; 3, 247; 3, 206; 3, 212; 3, 243; 2, 107; 2, 2; 2, 0; 1, 0; 
1, 0; 1, 0; 3, 218; 3, 264; 3, 212; 3, 363; 3, 251; 3, 251; 2, 0; 2, 0; 1, 0; 1, 0; 
1, 0; 1, 0; 3, 210; 3, 212; 3, 214; 3, 290; 3, 214; 2, 105; 2, 2; 2, 2; 1, 0; 1, 0; 
1, 0; 3, 404; 3, 300; 3, 210; 3, 233; 3, 235; 3, 216; 3, 194; 2, 0; 2, 0; 1, 0; 1, 0; 
1, 0; 1, 0; 3, 292; 3, 210; 3, 218; 3, 247; 3, 227; 3, 214; 2, 0; 2, 0; 1, 0; 1, 0; 
1, 0; 1, 0; 3, 220; 3, 278; 3, 214; 3, 243; 3, 231; 3, 218; 2, 0; 2, 0; 1, 0; 1, 0; 
1, 0; 1, 0; 3, 216; 3, 237; 3, 251; 3, 241; 3, 245; 3, 212; 2, 0; 2, 0; 1, 0; 1, 0; 
1, 0; 1, 0; 3, 216; 3, 219; 3, 220; 3, 262; 3, 208; 3, 103; 2, 0; 1, 0; 1, 0; 1, 0; 
1, 0; 1, 0; 3, 222; 3, 262; 3, 212; 3, 328; 3, 245; 3, 210; 2, 0; 2, 2; 1, 0; 1, 0; 
1, 0; 3, 218; 3, 210; 3, 284; 3, 212; 3, 214; 3, 274; 1, 0; 2, 2; 2, 0; 1, 0; 1, 0; 
1, 0; 3, 372; 3, 344; 3, 214; 3, 206; 3, 243; 3, 208; 3, 218; 2, 0; 2, 0; 1, 0; 1, 0; 1, 0; 
1, 0; 3, 398; 3, 208; 3, 212; 3, 245; 3, 216; 3, 206; 3, 254; 2, 2; 2, 0; 1, 0; 1, 0; 
1, 0; 1, 0; 3, 210; 3, 253; 3, 221; 3, 249; 3, 210; 3, 251; 2, 0; 2, 0; 1, 0; 1, 0; 
1, 0; 1, 0; 3, 210; 3, 243; 3, 216; 3, 295; 3, 253; 3, 212; 2, 0; 2, 0; 1, 0; 1, 0; 
1, 0; 3, 380; 3, 330; 3, 210; 3, 212; 3, 219; 3, 212; 3, 256; 2, 0; 2, 0; 1, 0; 1, 0; 
1, 0; 1, 0; 3, 212; 3, 235; 3, 212; 3, 295; 3, 251; 3, 222; 2, 0; 2, 0; 1, 0; 1, 0; 
1, 0; 3, 392; 3, 334; 3, 210; 3, 210; 3, 247; 3, 214; 3, 247; 2, 0; 2, 0; 1, 0; 1, 0; 
1, 0; 1, 0; 3, 278; 3, 214; 3, 218; 3, 268; 3, 218; 3, 249; 2, 0; 2, 2; 1, 0; 1, 0; 
1, 0; 3, 216; 3, 210; 3, 227; 3, 210; 3, 214; 3, 239; 1, 0; 2, 0; 2, 0; 1, 0; 1, 0; 
1, 0; 1, 0; 3, 252; 3, 210; 3, 212; 3, 222; 3, 220; 3, 212; 2, 0; 2, 0; 1, 0; 1, 0; 
1, 0; 1, 0; 3, 218; 3, 233; 3, 218; 3, 259; 3, 214; 3, 259; 2, 0; 2, 0; 1, 0; 1, 0; 
1, 0; 1, 0; 3, 218; 3, 251; 3, 212; 3, 280; 3, 212; 3, 243; 2, 0; 2, 0; 1, 0; 1, 0; 
1, 0; 3, 220; 3, 216; 3, 286; 3, 210; 3, 214; 3, 247; 1, 0; 2, 0; 2, 0; 1, 0; 
1, 0; 1, 0; 3, 208; 3, 284; 3, 210; 3, 247; 3, 208; 3, 239; 2, 16; 2, 4; 1, 0; 1, 0; 
1, 0; 3, 368; 3, 226; 3, 216; 3, 216; 3, 218; 3, 212; 3, 264; 2, 0; 2, 0; 1, 0; 1, 0; 
1, 0; 3, 368; 3, 342; 3, 216; 3, 214; 3, 249; 3, 212; 3, 243; 2, 0; 2, 0; 1, 0; 1, 0; 
1, 0; 1, 0; 3, 224; 3, 216; 3, 206; 3, 284; 3, 210; 3, 214; 2, 0; 2, 0; 1, 0; 1, 0; 
1, 0; 1, 0; 3, 220; 3, 288; 3, 220; 3, 244; 3, 218; 3, 212; 2, 0; 2, 0; 1, 0; 1, 0; 
1, 0; 1, 0; 3, 206; 3, 249; 3, 257; 3, 223; 3, 206; 3, 243; 2, 0; 2, 0; 1, 0; 1, 0; 
1, 0; 3, 212; 3, 216; 3, 210; 3, 288; 3, 216; 3, 210; 4, 278; 2, 0; 1, 0; 1, 0; 1, 0; 
1, 0; 3, 320; 3, 212; 3, 210; 3, 286; 3, 214; 3, 204; 2, 123; 2, 0; 2, 2; 1, 0; 1, 0; 
1, 0; 1, 0; 3, 224; 3, 280; 3, 212; 3, 276; 3, 230; 3, 208; 2, 0; 2, 0; 1, 0; 1, 0; 
1, 0; 1, 0; 3, 212; 3, 254; 3, 210; 3, 214; 3, 208; 3, 214; 2, 0; 2, 0; 1, 0; 1, 0; 
1, 0; 3, 214; 3, 214; 3, 214; 3, 255; 3, 210; 3, 251; 2, 113; 2, 2; 2, 0; 1, 0; 1, 0; 
1, 0; 1, 0; 3, 282; 3, 208; 3, 218; 3, 239; 3, 212; 3, 224; 2, 0; 2, 0; 1, 0; 1, 0; 
1, 0; 1, 0; 3, 216; 3, 257; 3, 210; 3, 229; 3, 227; 3, 241; 2, 2; 2, 0; 1, 0; 1, 0; 
1, 0; 1, 0; 3, 212; 3, 294; 3, 214; 3, 212; 3, 212; 3, 210; 2, 0; 2, 0; 1, 0; 1, 0; 
1, 0; 1, 0; 3, 210; 3, 214; 3, 219; 3, 295; 3, 257; 2, 107; 2, 0; 2, 2; 1, 0; 1, 0; 
1, 0; 3, 368; 3, 346; 3, 208; 3, 214; 3, 221; 3, 210; 3, 282; 2, 0; 2, 0; 1, 0; 1, 0; 
1, 0; 1, 0; 3, 222; 3, 249; 3, 208; 3, 259; 3, 257; 3, 212; 2, 0; 2, 0; 1, 0; 1, 0; 
1, 0; 1, 0; 3, 216; 3, 274; 3, 210; 3, 225; 3, 212; 3, 214; 2, 0; 2, 0; 1, 0; 1, 0; 
1, 0; 1, 0; 3, 212; 3, 225; 3, 227; 3, 241; 3, 231; 3, 206; 2, 0; 2, 0; 1, 0; 1, 0; 
1, 0; 3, 212; 3, 218; 3, 288; 3, 216; 3, 212; 3, 239; 1, 0; 2, 2; 2, 0; 1, 0; 1, 0; 
1, 0; 3, 340; 3, 338; 3, 208; 3, 210; 3, 249; 3, 212; 3, 196; 2, 0; 2, 0; 1, 0; 1, 0; 
1, 0; 3, 214; 3, 220; 3, 245; 3, 206; 3, 214; 3, 266; 1, 0; 2, 0; 2, 0; 1, 0; 1, 0; 
1, 0; 3, 340; 3, 336; 3, 222; 3, 218; 3, 218; 3, 216; 3, 241; 2, 0; 2, 0; 1, 0; 1, 0; 
1, 0; 3, 212; 3, 218; 3, 268; 3, 212; 3, 212; 3, 288; 1, 0; 2, 0; 2, 2; 1, 0; 1, 0; 
1, 0; 3, 350; 3, 330; 3, 216; 3, 210; 3, 288; 3, 206; 3, 218; 2, 0; 2, 0; 1, 0; 1, 0; 
1, 0; 3, 225; 3, 214; 3, 266; 3, 214; 3, 212; 3, 245; 1, 0; 2, 0; 2, 2; 1, 0; 1, 0; 
1, 0; 3, 378; 3, 328; 3, 218; 3, 212; 3, 247; 3, 210; 3, 247; 2, 0; 2, 0; 1, 0; 1, 0; 
1, 0; 3, 364; 3, 344; 3, 210; 3, 210; 3, 243; 3, 210; 3, 235; 2, 2; 2, 0; 1, 0; 1, 0; 1, 0; 
1, 0; 1, 0; 3, 622; 3, 208; 3, 257; 3, 210; 3, 216; 2, 103; 2, 0; 2, 0; 1, 0; 1, 0; 
1, 0; 3, 404; 3, 342; 3, 214; 3, 214; 3, 241; 3, 210; 3, 239; 2, 2; 2, 0; 1, 0; 1, 0; 
1, 0; 1, 0; 3, 212; 3, 263; 3, 218; 3, 238; 3, 210; 2, 105; 2, 0; 2, 6; 1, 0; 1, 0; 
1, 0; 3, 412; 3, 271; 3, 218; 3, 243; 3, 247; 3, 249; 2, 107; 2, 2; 2, 0; 1, 0; 1, 0; 
1, 0; 1, 0; 3, 212; 3, 240; 3, 210; 3, 251; 3, 239; 3, 214; 2, 0; 2, 0; 1, 0; 1, 0; 
1, 0; 3, 391; 3, 300; 3, 214; 3, 210; 3, 231; 3, 249; 3, 212; 2, 2; 2, 0; 1, 0; 1, 0; 
1, 0; 3, 350; 3, 328; 3, 224; 3, 210; 3, 286; 3, 214; 3, 220; 2, 0; 2, 0; 1, 0; 1, 0; 
1, 0; 3, 218; 3, 216; 3, 248; 3, 214; 3, 216; 3, 276; 1, 0; 2, 2; 2, 0; 1, 0; 1, 0; 
1, 0; 3, 358; 3, 348; 3, 218; 3, 216; 3, 251; 3, 212; 2, 105; 2, 0; 2, 0; 1, 0; 1, 0; 
1, 0; 3, 218; 3, 212; 3, 245; 3, 214; 3, 210; 3, 249; 1, 0; 2, 2; 2, 2; 1, 0; 1, 0; 
1, 0; 3, 368; 3, 330; 3, 212; 3, 212; 3, 253; 3, 210; 2, 109; 2, 0; 2, 0; 1, 0; 1, 0; 
1, 0; 3, 226; 3, 216; 3, 274; 3, 210; 3, 216; 3, 247; 1, 0; 2, 0; 2, 0; 1, 0; 1, 0; 
1, 0; 3, 378; 3, 346; 3, 214; 3, 245; 3, 247; 3, 251; 3, 221; 2, 0; 2, 73; 1, 0; 1, 0; 
1, 0; 3, 222; 3, 212; 3, 266; 3, 206; 3, 214; 3, 221; 1, 0; 2, 0; 1, 0; 1, 0; 
1, 0; 3, 380; 3, 318; 3, 216; 3, 206; 3, 253; 3, 206; 2, 107; 2, 0; 2, 0; 1, 0; 1, 0; 
1, 0; 3, 216; 3, 212; 3, 251; 3, 214; 3, 210; 3, 243; 2, 128; 2, 0; 2, 0; 1, 0; 1, 0; 
1, 0; 3, 374; 3, 336; 3, 212; 3, 247; 3, 235; 3, 251; 2, 107; 2, 0; 2, 2; 1, 0; 1, 0; 
1, 0; 1, 0; 3, 214; 3, 220; 3, 241; 3, 251; 3, 239; 3, 212; 2, 2; 2, 0; 1, 0; 1, 0; 
1, 0; 3, 366; 3, 314; 3, 210; 3, 208; 3, 274; 3, 265; 3, 214; 2, 0; 2, 0; 1, 0; 1, 0; 
1, 0; 1, 0; 3, 210; 3, 274; 3, 214; 3, 251; 3, 212; 2, 142; 2, 0; 2, 0; 1, 0; 1, 0; 
1, 0; 3, 375; 3, 332; 3, 208; 3, 221; 3, 214; 3, 214; 3, 222; 2, 2; 2, 0; 1, 0; 1, 0; 
1, 0; 1, 0; 3, 212; 3, 228; 3, 212; 3, 268; 3, 212; 3, 208; 2, 0; 2, 0; 1, 0; 1, 0; 
1, 0; 3, 406; 3, 282; 3, 214; 3, 243; 3, 210; 3, 210; 2, 128; 2, 2; 2, 0; 1, 0; 1, 0; 
1, 0; 1, 0; 3, 212; 3, 241; 3, 216; 3, 296; 3, 208; 3, 212; 2, 0; 2, 0; 1, 0; 1, 0; 
1, 0; 3, 410; 3, 314; 3, 218; 3, 245; 3, 214; 3, 219; 2, 144; 2, 2; 2, 0; 1, 0; 1, 0; 
1, 0; 1, 0; 3, 220; 3, 218; 3, 212; 3, 364; 3, 288; 2, 107; 2, 0; 2, 4; 1, 0; 1, 0; 
1, 0; 3, 410; 3, 257; 3, 214; 3, 245; 3, 210; 3, 251; 2, 125; 2, 2; 2, 0; 1, 0; 1, 0; 
1, 0; 1, 0; 3, 222; 3, 280; 3, 212; 3, 212; 3, 214; 2, 105; 2, 16; 2, 4; 1, 0; 1, 0; 
1, 0; 3, 344; 3, 219; 3, 212; 3, 266; 3, 218; 3, 212; 1, 0; 2, 2; 2, 0; 1, 0; 1, 0; 
1, 0; 3, 384; 3, 338; 3, 212; 3, 239; 3, 239; 3, 216; 2, 119; 2, 0; 2, 0; 1, 0; 1, 0; 
1, 0; 1, 0; 3, 224; 3, 220; 3, 214; 3, 225; 3, 216; 3, 214; 2, 0; 2, 0; 1, 0; 1, 0; 
1, 0; 3, 222; 3, 210; 3, 214; 3, 231; 3, 214; 3, 218; 1, 0; 2, 0; 2, 0; 1, 0; 1, 0; 
1, 0; 1, 0; 3, 224; 3, 216; 3, 214; 3, 282; 3, 210; 3, 249; 2, 0; 2, 0; 1, 0; 1, 0; 
1, 0; 3, 210; 3, 214; 3, 210; 3, 233; 3, 206; 3, 249; 1, 0; 2, 0; 2, 0; 1, 0; 1, 0; 
1, 0; 1, 0; 3, 232; 3, 210; 3, 212; 3, 278; 3, 214; 3, 239; 2, 0; 2, 0; 1, 0; 1, 0; 
1, 0; 1, 0; 3, 220; 3, 259; 3, 212; 3, 276; 3, 245; 3, 222; 2, 2; 2, 0; 1, 0; 1, 0; 
1, 0; 1, 0; 3, 208; 3, 237; 3, 237; 3, 212; 3, 214; 3, 218; 2, 0; 2, 0; 1, 0; 1, 0; 
1, 0; 3, 381; 3, 224; 3, 210; 3, 243; 3, 220; 3, 245; 2, 122; 2, 2; 2, 0; 1, 0; 1, 0; 
1, 0; 1, 0; 3, 212; 3, 268; 3, 212; 3, 241; 3, 216; 2, 113; 2, 16; 2, 4; 1, 0; 1, 0; 
1, 0; 3, 364; 3, 214; 3, 214; 3, 296; 3, 210; 3, 253; 2, 122; 2, 2; 2, 0; 1, 0; 1, 0; 
1, 0; 1, 0; 3, 206; 3, 268; 3, 208; 3, 286; 3, 249; 3, 235; 2, 16; 2, 6; 1, 0; 1, 0; 
1, 0; 3, 372; 3, 216; 3, 212; 3, 230; 3, 210; 3, 210; 3, 256; 2, 2; 2, 0; 1, 0; 1, 0; 
1, 0; 1, 0; 3, 212; 3, 262; 3, 210; 3, 322; 3, 276; 3, 206; 2, 0; 2, 0; 1, 0; 1, 0; 
1, 0; 3, 344; 3, 216; 3, 210; 3, 266; 3, 214; 3, 216; 2, 124; 2, 2; 2, 0; 1, 0; 1, 0; 
1, 0; 1, 0; 3, 212; 3, 280; 3, 216; 3, 229; 3, 228; 3, 212; 2, 0; 2, 0; 1, 0; 1, 0; 
1, 0; 3, 366; 3, 222; 3, 208; 3, 260; 3, 210; 3, 268; 1, 0; 2, 2; 2, 0; 1, 0; 1, 0; 
