1, 0; 5, 670; 5, 558; 5, 418; 5, 451; 5, 496; 5, 463; 4, 360; 2, 0; 2, 0; 1, 0; 1, 0; 
1, 0; 5, 424; 5, 422; 5, 519; 5, 420; 5, 430; 5, 474; 1, 0; 2, 2; 2, 0; 1, 0; 1, 0; 
1, 0; 5, 570; 5, 426; 5, 440; 5, 426; 5, 422; 5, 490; 1, 0; 2, 2; 2, 0; 2, 0; 2, 0; 2, 0; 2, 0; 2, 0; 2, 0; 2, 0; 2, 0; 2, 0; 2, 0; 1, 0; 1, 0; 
1, 0; 1, 0; 5, 432; 5, 454; 5, 414; 5, 571; 5, 455; 4, 397; 2, 2; 2, 0; 1, 0; 1, 0; 
1, 0; 5, 437; 5, 426; 5, 470; 5, 418; 5, 414; 5, 494; 1, 0; 2, 0; 2, 0; 1, 0; 1, 0; 
1, 0; 1, 0; 5, 559; 5, 426; 5, 436; 5, 447; 5, 424; 3, 296; 2, 0; 2, 0; 1, 0; 1, 0; 
1, 0; 5, 422; 5, 424; 5, 449; 5, 433; 5, 426; 5, 482; 1, 0; 2, 0; 2, 0; 1, 0; 1, 0; 
1, 0; 5, 740; 5, 693; 5, 426; 5, 451; 5, 415; 5, 433; 4, 398; 2, 0; 2, 0; 1, 0; 1, 0; 
1, 0; 5, 698; 5, 630; 5, 424; 5, 424; 5, 476; 5, 420; 5, 544; 2, 0; 2, 0; 1, 0; 1, 0; 
1, 0; 1, 0; 5, 422; 5, 478; 5, 423; 5, 636; 5, 484; 4, 315; 2, 0; 2, 0; 1, 0; 1, 0; 1, 0; 
1, 0; 1, 0; 5, 422; 5, 423; 5, 461; 5, 487; 5, 429; 4, 341; 2, 0; 2, 0; 1, 0; 1, 0; 
1, 0; 5, 422; 5, 428; 5, 437; 5, 474; 5, 412; 5, 445; 3, 276; 2, 2; 2, 0; 2, 6; 2, 191; 1, 0; 
1, 0; 1, 0; 5, 436; 5, 463; 5, 438; 5, 484; 5, 443; 5, 480; 2, 0; 2, 0; 1, 0; 1, 0; 
1, 0; 5, 742; 5, 689; 5, 426; 5, 445; 5, 433; 5, 423; 3, 239; 2, 2; 2, 0; 1, 0; 1, 0; 
1, 0; 5, 728; 5, 622; 5, 446; 5, 456; 5, 500; 5, 482; 3, 255; 2, 0; 2, 0; 1, 0; 1, 0; 
1, 0; 5, 816; 5, 549; 5, 410; 5, 482; 5, 421; 5, 494; 3, 260; 2, 2; 2, 0; 2, 0; 1, 0; 1, 0; 
1, 0; 5, 744; 5, 422; 5, 426; 5, 521; 5, 424; 5, 496; 3, 244; 2, 0; 2, 0; 1, 0; 1, 0; 
1, 0; 5, 696; 5, 446; 5, 426; 5, 469; 5, 445; 5, 458; 3, 259; 2, 0; 2, 2; 1, 0; 1, 0; 
1, 0; 5, 772; 5, 426; 5, 418; 5, 538; 5, 421; 5, 478; 2, 138; 2, 2; 2, 0; 1, 0; 1, 0; 
1, 0; 1, 0; 5, 727; 5, 415; 5, 518; 5, 539; 5, 506; 5, 452; 2, 0; 2, 0; 2, 2; 1, 0; 
1, 0; 1, 0; 5, 432; 5, 522; 5, 414; 5, 595; 5, 494; 4, 316; 2, 0; 2, 0; 1, 0; 1, 0; 
1, 0; 1, 0; 5, 438; 5, 534; 5, 414; 5, 537; 5, 426; 4, 315; 2, 0; 2, 0; 1, 0; 1, 0; 
1, 0; 5, 812; 5, 584; 5, 412; 5, 474; 5, 440; 5, 458; 4, 389; 2, 2; 2, 0; 1, 0; 1, 0; 
1, 0; 5, 428; 5, 426; 5, 443; 5, 486; 5, 422; 5, 451; 3, 241; 2, 2; 2, 0; 2, 16; 1, 0; 1, 0; 
1, 0; 1, 0; 5, 420; 5, 532; 5, 416; 5, 519; 5, 451; 4, 317; 2, 0; 2, 0; 1, 0; 1, 0; 
1, 0; 5, 742; 5, 693; 5, 426; 5, 424; 5, 457; 5, 410; 4, 342; 2, 0; 2, 0; 1, 0; 1, 0; 
1, 0; 5, 830; 5, 586; 5, 418; 5, 484; 5, 437; 5, 466; 3, 260; 2, 0; 2, 0; 1, 0; 1, 0; 
1, 0; 5, 810; 5, 697; 5, 426; 5, 476; 5, 414; 5, 465; 3, 240; 2, 2; 2, 0; 1, 0; 1, 0; 
1, 0; 5, 422; 5, 416; 5, 422; 5, 502; 5, 413; 5, 441; 3, 272; 2, 0; 2, 0; 2, 2; 2, 0; 2, 0; 1, 0; 
1, 0; 1, 0; 5, 417; 5, 414; 5, 463; 5, 470; 5, 460; 4, 336; 2, 0; 2, 0; 1, 0; 1, 0; 
1, 0; 5, 430; 5, 428; 5, 456; 5, 447; 5, 424; 5, 495; 3, 213; 2, 0; 2, 0; 2, 2; 2, 174; 1, 0; 
1, 0; 5, 716; 5, 577; 5, 433; 5, 455; 5, 492; 5, 427; 3, 209; 2, 0; 2, 0; 2, 0; 1, 0; 1, 0; 
1, 0; 5, 748; 5, 432; 5, 423; 5, 525; 5, 412; 5, 462; 2, 132; 2, 0; 2, 2; 1, 0; 1, 0; 
1, 0; 5, 540; 5, 502; 5, 424; 5, 456; 5, 484; 5, 443; 4, 317; 2, 2; 2, 0; 2, 0; 2, 2; 1, 0; 1, 0; 
1, 0; 1, 0; 5, 438; 5, 476; 5, 416; 5, 508; 5, 415; 4, 322; 2, 0; 2, 0; 1, 0; 1, 0; 
1, 0; 5, 434; 5, 418; 5, 454; 5, 417; 5, 429; 5, 519; 2, 132; 2, 0; 2, 0; 2, 18; 1, 0; 1, 0; 
1, 0; 1, 0; 5, 444; 5, 478; 5, 426; 5, 589; 5, 456; 4, 342; 2, 0; 2, 0; 1, 0; 1, 0; 
1, 0; 1, 0; 5, 414; 5, 512; 5, 422; 5, 507; 5, 414; 4, 320; 2, 0; 2, 0; 1, 0; 1, 0; 1, 0; 
1, 0; 1, 0; 5, 428; 5, 512; 5, 445; 5, 428; 5, 422; 5, 455; 2, 0; 2, 0; 1, 0; 1, 0; 1, 0; 1, 0; 
1, 0; 1, 0; 5, 881; 5, 426; 5, 427; 5, 484; 5, 427; 5, 478; 2, 0; 2, 0; 1, 0; 1, 0; 
1, 0; 1, 0; 5, 426; 5, 514; 5, 414; 5, 425; 5, 491; 5, 422; 1, 0; 2, 51; 2, 0; 1, 0; 1, 0; 
1, 0; 1, 0; 5, 426; 5, 572; 5, 424; 5, 439; 5, 433; 5, 416; 1, 0; 2, 38; 2, 0; 1, 0; 1, 0; 1, 0; 
1, 0; 1, 0; 5, 1089; 5, 427; 5, 422; 5, 437; 5, 418; 5, 518; 2, 0; 2, 0; 2, 8; 1, 0; 
1, 0; 1, 0; 5, 425; 5, 568; 5, 420; 5, 482; 5, 424; 5, 457; 1, 0; 2, 36; 2, 0; 1, 0; 
1, 0; 1, 0; 5, 430; 5, 443; 5, 479; 5, 492; 5, 444; 5, 435; 2, 0; 2, 2; 2, 0; 2, 0; 1, 0; 1, 0; 
1, 0; 1, 0; 5, 422; 5, 422; 5, 479; 5, 512; 5, 428; 5, 452; 2, 0; 2, 0; 1, 0; 1, 0; 1, 0; 
1, 0; 1, 0; 5, 424; 5, 447; 5, 414; 5, 414; 5, 525; 5, 422; 1, 0; 2, 49; 2, 0; 1, 0; 1, 0; 
1, 0; 1, 0; 5, 421; 5, 416; 5, 532; 5, 425; 5, 422; 5, 456; 2, 0; 2, 0; 1, 0; 1, 0; 1, 0; 
1, 0; 1, 0; 5, 432; 5, 508; 5, 426; 5, 535; 5, 455; 5, 414; 2, 0; 2, 0; 2, 0; 2, 2; 2, 0; 2, 0; 2, 0; 2, 61; 1, 0; 
1, 0; 1, 0; 5, 424; 5, 416; 5, 523; 5, 438; 5, 424; 5, 462; 2, 0; 2, 0; 2, 0; 2, 0; 2, 0; 1, 0; 1, 0; 1, 0; 
1, 0; 5, 450; 5, 423; 5, 414; 5, 497; 5, 422; 5, 451; 4, 406; 2, 0; 2, 0; 1, 0; 1, 0; 
1, 0; 1, 0; 5, 430; 5, 458; 5, 463; 5, 466; 5, 455; 5, 422; 2, 0; 2, 0; 2, 0; 2, 0; 2, 0; 1, 0; 
1, 0; 1, 0; 5, 424; 5, 494; 5, 464; 5, 416; 5, 429; 5, 482; 2, 0; 2, 0; 1, 0; 1, 0; 
1, 0; 1, 0; 5, 418; 5, 497; 5, 469; 5, 517; 5, 449; 5, 426; 2, 0; 2, 0; 2, 0; 2, 0; 2, 0; 1, 0; 
1, 0; 5, 770; 5, 654; 5, 422; 5, 416; 5, 509; 5, 422; 5, 443; 2, 0; 2, 0; 2, 0; 2, 0; 1, 0; 1, 0; 
1, 0; 1, 0; 5, 420; 5, 419; 5, 468; 5, 449; 5, 455; 5, 473; 2, 0; 2, 0; 1, 0; 1, 0; 
1, 0; 1, 0; 5, 421; 5, 453; 5, 470; 5, 507; 5, 490; 5, 434; 2, 0; 2, 0; 1, 0; 1, 0; 
1, 0; 5, 782; 5, 437; 5, 423; 5, 492; 5, 432; 5, 455; 5, 394; 2, 0; 2, 0; 1, 0; 1, 0; 
1, 0; 1, 0; 5, 431; 5, 429; 5, 464; 5, 553; 5, 490; 5, 428; 2, 0; 2, 0; 1, 0; 1, 0; 
1, 0; 1, 0; 5, 432; 5, 418; 5, 482; 5, 576; 5, 502; 5, 447; 2, 0; 2, 0; 1, 0; 1, 0; 
1, 0; 1, 0; 5, 424; 5, 434; 5, 492; 5, 592; 5, 494; 5, 463; 2, 0; 2, 0; 1, 0; 1, 0; 
1, 0; 1, 0; 5, 430; 5, 433; 5, 441; 5, 546; 5, 478; 5, 469; 2, 0; 2, 2; 2, 0; 1, 0; 1, 0; 
1, 0; 1, 0; 5, 427; 5, 423; 5, 537; 5, 429; 5, 426; 5, 481; 2, 0; 2, 0; 2, 0; 2, 2; 2, 0; 1, 0; 1, 0; 
1, 0; 1, 0; 5, 430; 5, 498; 5, 434; 5, 599; 5, 457; 5, 428; 2, 0; 2, 0; 1, 0; 1, 0; 
1, 0; 1, 0; 5, 445; 5, 522; 5, 408; 5, 451; 5, 422; 5, 420; 2, 0; 2, 0; 1, 0; 1, 0; 1, 0; 
1, 0; 5, 430; 5, 424; 5, 474; 5, 422; 5, 438; 5, 461; 1, 0; 2, 0; 2, 0; 1, 0; 1, 0; 
1, 0; 5, 820; 5, 632; 5, 424; 5, 415; 5, 474; 5, 414; 5, 477; 2, 2; 2, 0; 1, 0; 1, 0; 
1, 0; 5, 772; 5, 640; 5, 426; 5, 420; 5, 457; 5, 420; 5, 484; 2, 0; 2, 0; 1, 0; 1, 0; 
1, 0; 1, 0; 5, 426; 5, 519; 5, 414; 5, 666; 5, 461; 5, 424; 2, 0; 2, 0; 1, 0; 1, 0; 
1, 0; 1, 0; 5, 433; 5, 532; 5, 420; 5, 572; 5, 466; 5, 455; 2, 0; 2, 0; 1, 0; 1, 0; 
1, 0; 1, 0; 5, 421; 5, 466; 5, 465; 5, 435; 5, 414; 5, 448; 2, 0; 2, 0; 1, 0; 1, 0; 
1, 0; 5, 420; 5, 416; 5, 457; 5, 416; 5, 414; 5, 478; 3, 212; 2, 0; 2, 0; 1, 0; 1, 0; 
1, 0; 5, 770; 5, 572; 5, 418; 5, 412; 5, 603; 5, 420; 5, 428; 2, 0; 2, 0; 1, 0; 1, 0; 
1, 0; 1, 0; 5, 421; 5, 424; 5, 416; 5, 557; 5, 427; 5, 426; 2, 0; 2, 0; 1, 0; 1, 0; 
1, 0; 1, 0; 5, 437; 5, 501; 5, 414; 5, 474; 5, 412; 5, 431; 2, 0; 2, 0; 1, 0; 1, 0; 
1, 0; 1, 0; 5, 424; 5, 471; 5, 468; 5, 496; 5, 433; 5, 464; 2, 2; 2, 0; 1, 0; 1, 0; 
1, 0; 1, 0; 5, 434; 5, 445; 5, 437; 5, 532; 5, 453; 4, 366; 2, 2; 2, 2; 1, 0; 1, 0; 
1, 0; 5, 762; 5, 690; 5, 420; 5, 422; 5, 535; 5, 412; 5, 443; 2, 2; 2, 0; 1, 0; 1, 0; 
1, 0; 1, 0; 5, 416; 5, 457; 5, 416; 5, 478; 5, 418; 5, 451; 2, 0; 2, 0; 1, 0; 1, 0; 
1, 0; 1, 0; 5, 440; 5, 562; 5, 418; 5, 753; 5, 455; 5, 420; 2, 0; 2, 0; 1, 0; 1, 0; 
1, 0; 1, 0; 5, 438; 5, 469; 5, 488; 5, 471; 5, 439; 5, 450; 2, 0; 2, 2; 1, 0; 1, 0; 
1, 0; 5, 438; 5, 424; 5, 514; 5, 418; 5, 455; 5, 509; 1, 0; 2, 0; 2, 0; 1, 0; 1, 0; 
1, 0; 5, 812; 5, 609; 5, 414; 5, 451; 5, 478; 5, 422; 4, 347; 2, 2; 2, 0; 1, 0; 1, 0; 
1, 0; 5, 722; 5, 596; 5, 451; 5, 412; 5, 526; 5, 455; 5, 428; 2, 0; 2, 0; 1, 0; 1, 0; 
1, 0; 1, 0; 5, 432; 5, 544; 5, 420; 5, 551; 5, 463; 5, 414; 2, 0; 2, 0; 1, 0; 1, 0; 
1, 0; 1, 0; 5, 426; 5, 519; 5, 458; 5, 612; 5, 467; 5, 448; 2, 0; 2, 0; 1, 0; 1, 0; 
1, 0; 1, 0; 5, 424; 5, 493; 5, 420; 5, 567; 5, 430; 5, 420; 2, 0; 2, 0; 1, 0; 1, 0; 
1, 0; 1, 0; 5, 432; 5, 462; 5, 421; 5, 526; 5, 448; 5, 417; 2, 0; 2, 0; 1, 0; 1, 0; 
