0, 0, 0, .8, 1.0, 1.0, 1.1, 1.1, 1.1, 1.1, 1.1, 1.1, 1.1, 1.0, 1.0, 1.0, 0, .2, .2, .2, .2, .2, 0, 0, 0, 
0, 0, 0, .8, 1.0, 1.1, 1.1, 1.1, 1.1, 1.1, 1.1, 1.1, 1.1, 1.0, 1.0, 1.0, 1.0, .2, .2, .2, .2, 0, 0, 0, 
0, 0, 0, .8, 1.0, 1.0, 1.1, 1.1, 1.1, 1.1, 1.1, 1.1, 1.1, 1.0, 1.0, 1.0, 0, .2, .2, .2, .2, 0, 0, 0, 0, 
0, 0, 0, .8, 1.1, 1.1, 1.1, 1.1, 1.1, 1.1, 1.1, 1.1, 1.1, 1.1, 1.0, 1.0, 1.0, .2, .2, .2, .2, .2, 0, 0, 0, 0, 0, 
0, 0, 0, .8, 1.0, 1.1, 1.1, 1.1, 1.1, 1.1, 1.1, 1.1, 1.1, 1.0, 1.0, 1.0, 1.0, .2, .2, .2, .2, .2, 0, 0, 0, 
0, 0, 0, .8, 1.0, 1.0, 1.1, 1.1, 1.1, 1.1, 1.1, 1.1, 1.0, 1.0, 1.0, 1.0, 1.0, .2, .2, .2, .2, .2, 0, 0, 0, 
0, 0, 0, .8, 1.0, 1.0, 1.1, 1.1, 1.1, 1.1, 1.1, 1.1, 1.1, 1.0, 1.0, 1.0, 0, .2, .2, .2, .2, 0, 0, 0, 
0, 0, 0, .8, 1.0, 1.1, 1.1, 1.1, 1.1, 1.1, 1.1, 1.1, 1.1, 1.0, 1.0, 1.0, 0, .2, .2, .2, 0, 0, 0, 0, 
0, 0, 0, .8, 1.0, 1.0, 1.1, 1.1, 1.1, 1.1, 1.1, 1.1, 1.1, 1.0, 1.0, 1.0, 0, .2, .2, .2, .2, 0, 0, 0, 0, 
0, 0, .8, 1.0, 1.1, 1.1, 1.1, 1.1, 1.1, 1.1, 1.1, 1.0, 1.1, 1.0, 1.0, 1.0, 1.2, .2, .2, .2, 0, 0, 0, 0, 0, 0, 
0, 0, 0, .8, 1.0, 1.1, 1.1, 1.1, 1.1, 1.1, 1.1, 1.1, 1.1, 1.0, 1.0, 1.0, 0, .2, .2, .2, .2, .2, 0, 0, 0, 
0, 0, 0, .8, 1.0, 1.0, 1.1, 1.1, 1.1, 1.1, 1.1, 1.1, 1.0, 1.0, 1.0, .9, 0, .2, .2, .2, .2, 0, 0, 0, 
0, 0, .3, .8, 1.1, 1.1, 1.1, 1.1, 1.1, 1.1, 1.1, 1.1, 1.1, 1.0, 1.0, 1.0, 1.2, .2, .2, .2, 0, 0, 0, 0, 
0, 0, .5, .8, 1.0, 1.1, 1.1, 1.1, 1.1, 1.1, 1.1, 1.1, 1.0, 1.0, 1.0, 1.0, 0, .2, .2, .2, 0, 0, 0, 0, 
0, 0, 0, .8, 1.0, 1.1, 1.1, 1.1, 1.1, 1.1, 1.1, 1.1, 1.1, 1.1, 1.0, 1.0, 0, .2, .2, .2, .2, 0, 0, 0, 0, 
0, 0, 0, .8, 1.0, 1.1, 1.1, 1.1, 1.1, 1.1, 1.1, 1.1, 1.1, 1.0, 1.0, 1.0, 0, .2, .2, .2, .2, .2, 0, 0, 0, 
0, 0, 0, .8, 1.0, 1.0, 1.1, 1.1, 1.1, 1.1, 1.1, 1.1, 1.0, 1.0, 1.0, 1.0, 0, .2, .2, .2, .2, .2, 0, 0, 0, 
0, 0, 0, .8, 1.0, 1.1, 1.1, 1.1, 1.1, 1.1, 1.1, 1.1, 1.1, 1.1, 1.0, 1.0, .2, .2, .2, .2, 0, 0, 0, 0, 
0, 0, .8, 1.1, 1.0, 1.1, 1.1, 1.1, 1.1, 1.1, 1.1, 1.1, 1.0, 1.0, 1.0, 1.0, .2, .2, .2, .2, 0, 0, 0, 0, 
0, 0, 0, .8, 1.1, 1.1, 1.1, 1.1, 1.1, 1.1, 1.1, 1.1, 1.0, 1.0, 1.0, .9, 0, .2, .2, .2, 0, 0, 0, 0, 
0, 0, .8, 1.0, 1.0, 1.1, 1.1, 1.1, 1.1, 1.1, 1.1, 1.0, 1.0, 1.0, 1.0, .9, .9, .2, .2, .2, .2, 0, 0, 0, 
0, 0, .8, 1.0, 1.0, 1.1, 1.1, 1.1, 1.1, 1.1, 1.0, 1.0, 1.0, 1.0, 1.0, .9, 1.1, .2, .2, .2, 0, 0, 0, 0, 
0, 0, .7, .9, 1.0, 1.1, 1.1, 1.1, 1.1, 1.1, 1.1, 1.0, 1.0, 1.0, 1.0, 1.0, 1.2, .2, .2, .2, 0, 0, 0, 0, 
0, 0, .4, .8, 1.1, 1.1, 1.1, 1.1, 1.1, 1.1, 1.1, 1.1, 1.1, 1.0, 1.0, 1.0, 1.0, .2, .2, .2, 0, 0, 0, 0, 
0, 0, 0, .8, 1.0, 1.1, 1.1, 1.1, 1.1, 1.1, 1.1, 1.1, 1.1, 1.1, 1.0, 1.0, 0, .2, .2, .2, .2, 0, 0, 0, 0, 
0, 0, 0, .8, 1.0, 1.1, 1.1, 1.1, 1.1, 1.1, 1.1, 1.1, 1.1, 1.1, 1.0, 1.0, 0, .2, .2, .2, .2, 0, 0, 0, 0, 
0, 0, .3, .8, 1.0, 1.1, 1.1, 1.1, 1.1, 1.1, 1.1, 1.1, 1.1, 1.0, 1.0, 1.0, .2, .2, .2, .2, .2, 0, 0, 0, 
0, 0, .8, 1.0, 1.0, 1.1, 1.1, 1.1, 1.1, 1.1, 1.1, 1.1, 1.0, 1.0, 1.0, 1.0, 1.2, .2, .2, .2, 0, 0, 0, 0, 
0, 0, .8, 1.1, 1.1, 1.1, 1.1, 1.1, 1.1, 1.1, 1.1, 1.1, 1.0, 1.0, 1.0, 1.0, .2, .2, .2, .2, 0, 0, 0, 0, 
0, 0, 0, .8, 1.1, 1.1, 1.1, 1.1, 1.1, 1.1, 1.1, 1.1, 1.1, 1.0, 1.0, 1.0, 1.0, .2, .2, .2, .2, .2, 0, 0, 0, 
0, 0, 0, .8, 1.0, 1.1, 1.1, 1.1, 1.1, 1.1, 1.1, 1.1, 1.1, 1.0, 1.0, 1.0, 0, .2, .2, .2, .2, 0, 0, 0, 
0, 0, 0, .8, 1.1, 1.1, 1.1, 1.1, 1.1, 1.1, 1.1, 1.1, 1.1, 1.1, 1.0, 1.0, 0, .2, .2, .2, .2, .2, 0, 0, 0, 
0, 0, 0, .8, 1.1, 1.1, 1.1, 1.1, 1.1, 1.1, 1.1, 1.1, 1.1, 1.0, 1.0, 1.0, 1.0, .2, .2, .2, .2, .2, 0, 0, 0, 
0, 0, 0, .8, 1.0, 1.1, 1.1, 1.1, 1.1, 1.1, 1.1, 1.1, 1.1, 1.0, 1.0, 1.0, 1.0, .2, .2, .2, .2, .2, 0, 0, 0, 
0, 0, 0, .8, 1.0, 1.1, 1.1, 1.1, 1.1, 1.1, 1.1, 1.1, 1.1, 1.1, 1.0, 1.0, 1.0, .2, .2, .2, .2, .2, .2, .2, .2, .2, .2, .2, .2, .2, .2, .2, .2, .2, .2, .2, .2, .2, .2, .2, .2, .2, .2, 0, 0, 0, 0, 0, 
0, 0, 0, .8, 1.1, 1.1, 1.1, 1.1, 1.1, 1.1, 1.1, 1.1, 1.0, 1.0, 1.0, 1.0, 0, .2, .2, .2, .2, .2, 0, 0, 0, 
0, 0, 0, .8, 1.0, 1.0, 1.1, 1.1, 1.1, 1.1, 1.1, 1.1, 1.1, 1.0, 1.0, 1.0, 0, .2, .2, .2, .2, 0, 0, 0, 0, 
0, 0, .8, 1.0, 1.0, 1.1, 1.1, 1.1, 1.1, 1.1, 1.1, 1.1, 1.1, 1.0, 1.0, 1.0, 1.2, .2, .2, .2, 0, 0, 0, 0, 
0, 0, .8, 1.0, 1.1, 1.1, 1.1, 1.1, 1.1, 1.1, 1.1, 1.1, 1.0, 1.0, 1.0, 1.0, 1.2, .2, .2, .2, 0, 0, 0, 0, 
0, 0, 0, .8, 1.0, 1.0, 1.1, 1.1, 1.1, 1.1, 1.1, 1.1, 1.1, 1.0, 1.0, 1.0, 0, .2, .2, .2, .2, 0, 0, 0, 0, 
0, 0, 0, .8, 1.0, 1.0, 1.1, 1.1, 1.1, 1.1, 1.1, 1.1, 1.1, 1.0, 1.0, 1.0, 0, .2, .2, .2, .2, 0, 0, 0, 
0, 0, 0, .8, 1.0, 1.1, 1.1, 1.1, 1.1, 1.1, 1.1, 1.1, 1.1, 1.1, 1.0, 1.0, 0, .2, .2, .2, .2, 0, 0, 0, 0, 
0, 0, 0, .8, 1.1, 1.1, 1.1, 1.1, 1.1, 1.1, 1.1, 1.1, 1.0, 1.0, 1.0, 1.0, 0, .2, .2, .2, .2, .2, 0, 0, 0, 
0, 0, 0, .8, 1.1, 1.1, 1.1, 1.1, 1.1, 1.1, 1.1, 1.1, 1.1, 1.1, 1.0, 1.0, .2, .2, .2, .2, .2, 0, 0, 0, 
0, 0, 0, .8, 1.0, 1.0, 1.1, 1.1, 1.1, 1.1, 1.1, 1.1, 1.1, 1.0, 1.0, .9, .2, .2, .2, .2, .2, 0, 0, 0, 0, 0, 
0, 0, 0, .8, 1.1, 1.1, 1.1, 1.1, 1.1, 1.1, 1.1, 1.1, 1.1, 1.0, 1.0, 1.0, 0, .2, .2, .2, .2, 0, 0, 0, 
0, 0, 0, .8, 1.0, 1.1, 1.1, 1.1, 1.1, 1.1, 1.1, 1.1, 1.1, 1.0, 1.0, 1.0, 0, .2, .2, .2, .2, 0, 0, 0, 0, 
0, 0, .8, 1.0, 1.1, 1.1, 1.1, 1.1, 1.1, 1.1, 1.1, 1.0, 1.0, 1.0, 1.0, 0, .2, .2, .2, .2, .2, 0, 0, 0, 
0, 0, 0, .8, 1.1, 1.0, 1.1, 1.1, 1.1, 1.1, 1.1, 1.1, 1.1, 1.0, 1.0, 1.0, 0, .2, .2, .2, .2, .2, 0, 0, 0, 
0, 0, 0, .8, 1.1, 1.0, 1.1, 1.1, 1.1, 1.1, 1.1, 1.1, 1.1, 1.0, 1.0, 1.0, 0, .2, .2, .2, .2, 0, 0, 0, 
