0, 0, 0, 0, 428, 418, 408, 406, 404, 498, 526, 439, 418, 410, 414, 396, 430, 0, 0, 16, 0, 0, 0, 0, 0, 
0, 0, 0, 430, 418, 411, 402, 415, 501, 523, 446, 414, 413, 414, 439, 449, 0, 0, 14, 0, 0, 0, 0, 0, 
0, 0, 0, 0, 406, 432, 422, 448, 530, 472, 404, 547, 404, 426, 429, 445, 364, 182, 0, 51, 0, 2, 0, 0, 0, 
0, 0, 0, 406, 430, 428, 412, 489, 515, 451, 475, 414, 404, 435, 420, 351, 188, 0, 51, 0, 2, 0, 0, 0, 
0, 0, 0, 732, 396, 416, 409, 499, 526, 439, 409, 520, 401, 406, 484, 418, 235, 73, 0, 38, 0, 0, 0, 0, 0, 
0, 0, 0, 0, 404, 428, 420, 453, 509, 450, 415, 461, 416, 420, 445, 464, 223, 178, 2, 45, 0, 4, 0, 0, 0, 0, 
0, 0, 0, 0, 429, 408, 396, 404, 406, 441, 429, 470, 462, 431, 411, 437, 308, 0, 0, 0, 0, 0, 0, 0, 0, 0, 0, 
0, 0, 0, 698, 408, 424, 430, 420, 460, 462, 470, 439, 406, 406, 402, 457, 472, 113, 0, 36, 0, 2, 0, 0, 0, 
0, 0, 0, 0, 426, 414, 426, 416, 417, 509, 485, 431, 408, 404, 410, 400, 476, 168, 0, 16, 0, 2, 0, 0, 0, 
0, 0, 0, 0, 416, 406, 406, 400, 433, 522, 403, 427, 408, 418, 445, 506, 272, 0, 0, 0, 0, 0, 0, 0, 
0, 0, 0, 322, 398, 414, 414, 458, 468, 464, 443, 534, 414, 441, 419, 436, 344, 140, 0, 36, 0, 4, 0, 0, 0, 
0, 0, 0, 0, 432, 420, 414, 418, 427, 494, 456, 470, 443, 416, 400, 432, 363, 0, 0, 14, 0, 0, 0, 0, 0, 
0, 0, 0, 0, 408, 421, 396, 400, 418, 437, 464, 425, 449, 470, 433, 439, 315, 0, 0, 0, 0, 0, 0, 0, 
0, 0, 0, 0, 398, 438, 429, 420, 464, 530, 443, 414, 406, 408, 407, 414, 439, 156, 0, 36, 0, 4, 0, 0, 0, 
0, 0, 0, 0, 425, 421, 396, 398, 412, 446, 479, 472, 446, 406, 410, 406, 427, 130, 0, 16, 0, 0, 0, 0, 0, 
0, 192, 0, 423, 424, 422, 408, 404, 449, 499, 497, 438, 425, 408, 416, 418, 174, 0, 16, 0, 6, 0, 0, 0, 0, 
0, 0, 0, 0, 396, 416, 422, 443, 519, 462, 408, 447, 408, 412, 443, 470, 283, 164, 0, 41, 0, 2, 0, 0, 0, 
0, 0, 0, 0, 428, 420, 410, 404, 412, 487, 519, 431, 408, 410, 412, 416, 441, 0, 0, 16, 0, 0, 0, 0, 0, 
0, 0, 0, 0, 418, 416, 396, 400, 404, 441, 505, 485, 412, 418, 433, 433, 315, 0, 0, 0, 0, 0, 0, 0, 0, 
0, 0, 0, 0, 852, 396, 439, 469, 477, 464, 437, 402, 422, 429, 461, 408, 426, 237, 0, 2, 0, 0, 0, 0, 0, 0, 
0, 0, 0, 406, 424, 418, 420, 437, 493, 458, 445, 451, 423, 421, 424, 423, 166, 0, 47, 0, 2, 0, 0, 0, 0, 
0, 0, 0, 424, 406, 404, 404, 396, 468, 468, 445, 458, 450, 412, 420, 421, 0, 0, 14, 0, 2, 0, 0, 0, 0, 
0, 0, 0, 848, 440, 523, 512, 451, 425, 416, 412, 568, 429, 456, 446, 398, 101, 0, 0, 2, 0, 28, 0, 0, 0, 
0, 0, 0, 772, 793, 646, 450, 411, 404, 416, 412, 622, 412, 429, 457, 450, 231, 2, 0, 2, 0, 71, 0, 0, 0, 
0, 0, 0, 0, 526, 985, 418, 400, 414, 408, 423, 472, 491, 467, 420, 416, 305, 0, 0, 0, 79, 0, 0, 0, 0, 
0, 0, 0, 416, 657, 520, 433, 459, 476, 470, 404, 429, 414, 455, 443, 430, 334, 0, 0, 2, 0, 71, 0, 0, 0, 0, 0, 
0, 0, 0, 722, 426, 453, 454, 515, 486, 422, 412, 450, 443, 410, 441, 340, 243, 2, 2, 2, 0, 0, 0, 0, 0, 
0, 0, 0, 768, 411, 446, 485, 498, 464, 453, 417, 504, 416, 419, 453, 464, 340, 0, 0, 0, 0, 0, 0, 0, 0, 
0, 0, 0, 0, 670, 426, 413, 412, 501, 516, 455, 435, 520, 420, 432, 443, 451, 336, 99, 0, 37, 0, 2, 0, 0, 0, 
0, 0, 0, 0, 404, 408, 410, 428, 516, 467, 423, 505, 414, 418, 465, 466, 83, 0, 0, 16, 2, 0, 0, 172, 0, 
0, 0, 0, 0, 406, 420, 420, 452, 464, 417, 417, 503, 525, 412, 474, 419, 210, 271, 0, 32, 0, 0, 0, 0, 0, 0, 
0, 0, 0, 0, 402, 412, 402, 487, 544, 451, 420, 592, 418, 452, 464, 418, 249, 178, 0, 51, 0, 6, 0, 0, 0, 0, 
0, 0, 0, 0, 413, 402, 410, 476, 504, 493, 444, 474, 418, 417, 435, 466, 261, 148, 0, 38, 0, 4, 0, 0, 0, 
0, 0, 0, 682, 418, 416, 419, 470, 501, 455, 419, 545, 408, 434, 429, 515, 380, 77, 0, 53, 0, 2, 0, 0, 0, 0, 
0, 0, 0, 740, 785, 663, 420, 412, 414, 410, 438, 500, 451, 466, 404, 408, 0, 0, 0, 0, 0, 73, 0, 0, 0, 
0, 0, 0, 738, 731, 665, 434, 416, 416, 420, 424, 478, 447, 449, 449, 346, 128, 0, 0, 0, 0, 69, 0, 0, 0, 0, 
0, 0, 0, 0, 404, 416, 408, 412, 476, 520, 451, 433, 451, 439, 420, 407, 453, 177, 2, 16, 0, 4, 0, 0, 0, 0, 
0, 0, 0, 0, 410, 422, 413, 414, 481, 530, 492, 452, 433, 419, 418, 454, 338, 158, 0, 14, 0, 0, 0, 174, 0, 
0, 0, 0, 316, 420, 420, 404, 455, 512, 500, 443, 515, 422, 428, 443, 421, 260, 136, 0, 37, 0, 4, 0, 0, 0, 
0, 0, 0, 582, 1070, 458, 409, 423, 414, 419, 412, 491, 503, 429, 412, 316, 0, 0, 0, 0, 0, 77, 0, 0, 0, 0, 
0, 0, 0, 435, 885, 426, 422, 414, 416, 412, 419, 676, 439, 446, 476, 433, 242, 0, 0, 0, 2, 0, 0, 0, 0, 
0, 0, 0, 0, 400, 418, 424, 416, 396, 420, 528, 520, 471, 435, 446, 442, 404, 0, 0, 16, 0, 0, 0, 0, 0, 0, 
0, 0, 0, 0, 418, 420, 412, 419, 424, 475, 505, 451, 418, 421, 443, 451, 419, 136, 0, 37, 0, 4, 0, 0, 0, 
0, 0, 0, 691, 1029, 504, 416, 414, 418, 412, 434, 512, 479, 478, 441, 317, 0, 0, 2, 2, 0, 83, 0, 0, 0, 
0, 168, 0, 398, 416, 421, 423, 439, 428, 493, 511, 406, 416, 410, 421, 435, 175, 0, 45, 0, 2, 0, 18, 0, 0, 0, 0, 
0, 0, 0, 410, 778, 420, 404, 398, 414, 408, 404, 485, 434, 468, 476, 470, 341, 0, 0, 0, 0, 0, 0, 0, 0, 
0, 0, 0, 719, 430, 421, 542, 490, 417, 408, 410, 507, 436, 507, 442, 410, 134, 0, 0, 0, 0, 0, 0, 0, 0, 0, 
0, 0, 0, 0, 404, 415, 420, 412, 460, 525, 456, 468, 425, 408, 419, 486, 328, 0, 0, 16, 2, 0, 0, 175, 0, 
0, 0, 0, 0, 402, 415, 423, 400, 457, 491, 488, 473, 414, 426, 438, 472, 212, 0, 0, 14, 0, 0, 0, 2, 0, 0, 0, 
0, 0, 0, 0, 424, 402, 420, 420, 424, 481, 437, 424, 473, 450, 437, 449, 279, 0, 0, 14, 0, 0, 0, 0, 0, 0, 
