1, 0; 1, 0; 5, 418; 5, 495; 5, 443; 5, 461; 5, 480; 5, 449; 2, 0; 2, 0; 1, 0; 1, 0; 
1, 0; 1, 0; 5, 926; 5, 425; 5, 426; 5, 460; 5, 430; 5, 414; 2, 0; 2, 0; 2, 6; 1, 0; 
1, 0; 5, 802; 5, 650; 5, 424; 5, 418; 5, 490; 5, 422; 5, 482; 2, 2; 2, 0; 2, 0; 2, 2; 2, 0; 2, 0; 2, 0; 2, 0; 2, 0; 2, 0; 2, 0; 2, 0; 1, 0; 1, 0; 
1, 0; 1, 0; 5, 1152; 5, 426; 5, 480; 5, 508; 5, 453; 5, 414; 2, 0; 2, 0; 2, 0; 1, 0; 
1, 0; 1, 0; 5, 506; 5, 425; 5, 423; 5, 492; 5, 424; 5, 453; 2, 65; 2, 0; 1, 0; 1, 0; 
1, 0; 1, 0; 5, 424; 5, 416; 5, 441; 5, 523; 5, 448; 5, 414; 2, 0; 2, 0; 1, 0; 1, 0; 
1, 0; 1, 0; 5, 747; 5, 424; 5, 456; 5, 484; 5, 456; 4, 348; 2, 22; 2, 0; 1, 0; 1, 0; 
1, 0; 1, 0; 5, 430; 5, 492; 5, 460; 5, 590; 5, 520; 5, 447; 2, 0; 2, 0; 1, 0; 1, 0; 
1, 0; 1, 0; 5, 425; 5, 418; 5, 406; 5, 495; 5, 476; 5, 416; 2, 0; 2, 0; 1, 0; 1, 0; 
1, 0; 1, 0; 5, 1109; 5, 428; 5, 414; 5, 469; 5, 434; 5, 449; 2, 0; 2, 0; 2, 0; 1, 0; 1, 0; 
1, 0; 1, 0; 5, 976; 5, 430; 5, 422; 5, 526; 5, 423; 5, 449; 2, 0; 2, 2; 2, 0; 1, 0; 
1, 0; 1, 0; 5, 916; 5, 422; 5, 431; 5, 430; 5, 461; 5, 432; 2, 0; 2, 0; 2, 12; 1, 0; 1, 0; 
1, 0; 1, 0; 5, 421; 5, 416; 5, 521; 5, 425; 5, 410; 5, 429; 2, 0; 2, 0; 1, 0; 1, 0; 
1, 0; 1, 0; 5, 431; 5, 516; 5, 414; 5, 530; 5, 451; 5, 433; 2, 0; 2, 0; 1, 0; 1, 0; 
1, 0; 1, 0; 5, 432; 5, 509; 5, 451; 5, 490; 5, 480; 5, 422; 2, 2; 2, 0; 1, 0; 1, 0; 
1, 0; 1, 0; 5, 435; 5, 526; 5, 414; 5, 519; 5, 472; 5, 423; 2, 0; 2, 0; 2, 0; 1, 0; 1, 0; 
1, 0; 5, 748; 5, 555; 5, 484; 5, 414; 5, 518; 5, 447; 5, 414; 2, 0; 2, 0; 1, 0; 1, 0; 
1, 0; 1, 0; 5, 433; 5, 524; 5, 414; 5, 518; 5, 506; 5, 420; 2, 0; 2, 0; 1, 0; 1, 0; 
1, 0; 5, 696; 5, 449; 5, 434; 5, 416; 5, 513; 5, 408; 5, 455; 2, 2; 2, 0; 1, 0; 1, 0; 
1, 0; 1, 0; 5, 560; 5, 426; 5, 418; 5, 517; 5, 426; 5, 440; 2, 10; 2, 2; 2, 65; 1, 0; 
1, 0; 1, 0; 5, 518; 5, 422; 5, 495; 5, 466; 5, 416; 5, 505; 2, 0; 2, 0; 1, 0; 1, 0; 
1, 0; 1, 0; 5, 480; 5, 424; 5, 498; 5, 505; 5, 456; 5, 443; 2, 0; 2, 0; 1, 0; 1, 0; 
1, 0; 1, 0; 5, 432; 5, 523; 5, 418; 5, 575; 5, 488; 5, 417; 2, 0; 2, 0; 2, 0; 1, 0; 
1, 0; 1, 0; 5, 620; 5, 428; 5, 422; 5, 480; 5, 422; 5, 528; 2, 4; 2, 2; 2, 71; 1, 0; 1, 0; 
1, 0; 1, 0; 5, 483; 5, 420; 5, 505; 5, 421; 5, 414; 5, 474; 2, 0; 2, 0; 1, 0; 1, 0; 
1, 0; 1, 0; 5, 430; 5, 513; 5, 442; 5, 474; 5, 489; 5, 425; 2, 0; 2, 0; 1, 0; 1, 0; 
1, 0; 1, 0; 5, 432; 5, 548; 5, 410; 5, 460; 5, 437; 5, 441; 2, 0; 2, 0; 1, 0; 1, 0; 
1, 0; 1, 0; 5, 440; 5, 532; 5, 416; 5, 614; 5, 482; 5, 424; 2, 0; 2, 0; 2, 0; 1, 0; 
1, 0; 1, 0; 5, 505; 5, 437; 5, 422; 5, 488; 5, 457; 5, 478; 2, 6; 2, 0; 2, 0; 2, 0; 1, 0; 1, 0; 
1, 0; 1, 0; 5, 1026; 5, 410; 5, 458; 5, 458; 5, 439; 5, 416; 2, 0; 2, 2; 2, 0; 1, 0; 
1, 0; 1, 0; 5, 882; 5, 446; 5, 427; 5, 488; 5, 426; 5, 416; 2, 0; 2, 0; 2, 28; 1, 0; 1, 0; 
1, 0; 1, 0; 5, 420; 5, 417; 5, 494; 5, 445; 5, 431; 5, 488; 2, 0; 2, 0; 2, 0; 1, 0; 1, 0; 
1, 0; 5, 650; 5, 429; 5, 449; 5, 422; 5, 580; 5, 482; 5, 420; 2, 0; 2, 0; 1, 0; 1, 0; 
1, 0; 1, 0; 5, 430; 5, 464; 5, 526; 5, 420; 5, 443; 5, 444; 1, 0; 2, 36; 2, 0; 2, 79; 1, 0; 1, 0; 
1, 0; 1, 0; 5, 428; 5, 422; 5, 485; 5, 537; 5, 453; 5, 453; 2, 0; 2, 2; 2, 0; 1, 0; 
1, 0; 1, 0; 5, 631; 5, 422; 5, 416; 5, 464; 5, 418; 5, 492; 2, 0; 2, 2; 2, 30; 1, 0; 1, 0; 
1, 0; 1, 0; 5, 436; 5, 424; 5, 506; 5, 431; 5, 417; 5, 474; 2, 0; 2, 0; 1, 0; 1, 0; 
1, 0; 1, 0; 5, 606; 5, 420; 5, 523; 5, 421; 5, 414; 5, 488; 2, 0; 2, 0; 1, 0; 1, 0; 1, 0; 
1, 0; 1, 0; 5, 844; 5, 425; 5, 417; 5, 489; 5, 425; 5, 428; 2, 0; 2, 2; 2, 0; 1, 0; 1, 0; 
1, 0; 1, 0; 5, 426; 5, 410; 5, 468; 5, 412; 5, 480; 5, 425; 3, 107; 2, 0; 1, 0; 1, 0; 
1, 0; 1, 0; 5, 517; 5, 410; 5, 491; 5, 474; 5, 427; 5, 482; 2, 0; 2, 0; 2, 0; 2, 2; 1, 0; 
1, 0; 1, 0; 5, 484; 5, 420; 5, 514; 5, 418; 5, 428; 5, 476; 2, 0; 2, 0; 2, 0; 1, 0; 
1, 0; 1, 0; 5, 442; 5, 550; 5, 420; 5, 616; 5, 447; 5, 422; 2, 0; 2, 0; 1, 0; 1, 0; 
1, 0; 1, 0; 5, 438; 5, 424; 5, 556; 5, 422; 5, 416; 5, 472; 2, 0; 2, 0; 1, 0; 1, 0; 
1, 0; 1, 0; 5, 744; 5, 685; 5, 424; 5, 420; 5, 484; 5, 412; 4, 314; 2, 2; 2, 0; 2, 0; 1, 0; 2, 0; 
1, 0; 1, 0; 5, 561; 5, 420; 5, 420; 5, 474; 5, 431; 5, 445; 2, 6; 2, 0; 2, 55; 1, 0; 1, 0; 
1, 0; 1, 0; 5, 663; 5, 420; 5, 410; 5, 425; 5, 447; 5, 482; 2, 111; 2, 0; 2, 0; 1, 0; 1, 0; 
1, 0; 1, 0; 5, 459; 5, 495; 5, 422; 5, 496; 5, 459; 5, 458; 2, 134; 2, 0; 2, 79; 1, 0; 1, 0; 
1, 0; 1, 0; 5, 718; 5, 410; 5, 410; 5, 445; 5, 426; 5, 541; 2, 132; 2, 0; 2, 0; 2, 0; 2, 18; 2, 0; 2, 0; 2, 0; 1, 0; 
1, 0; 1, 0; 5, 432; 5, 518; 5, 420; 5, 451; 5, 485; 5, 418; 2, 97; 2, 0; 2, 0; 2, 0; 2, 0; 1, 0; 
1, 0; 1, 0; 5, 426; 5, 523; 5, 354; 5, 445; 5, 449; 5, 418; 1, 0; 2, 36; 2, 0; 1, 0; 
1, 0; 1, 0; 5, 998; 5, 412; 5, 472; 5, 443; 5, 444; 4, 344; 2, 0; 2, 2; 2, 0; 2, 0; 2, 0; 1, 0; 
1, 0; 1, 0; 5, 1023; 5, 422; 5, 436; 5, 455; 5, 418; 5, 460; 2, 0; 2, 0; 2, 0; 1, 0; 
1, 0; 1, 0; 5, 613; 5, 421; 5, 424; 5, 449; 5, 412; 5, 449; 2, 0; 2, 2; 2, 0; 2, 0; 2, 0; 1, 0; 
1, 0; 1, 0; 5, 433; 5, 425; 5, 454; 5, 458; 5, 424; 5, 481; 2, 118; 2, 2; 2, 2; 2, 18; 1, 0; 1, 0; 
1, 0; 1, 0; 5, 805; 5, 423; 5, 412; 5, 456; 5, 416; 5, 413; 2, 111; 2, 0; 2, 67; 1, 0; 
1, 0; 1, 0; 5, 945; 5, 417; 5, 423; 5, 457; 5, 420; 5, 478; 2, 0; 2, 2; 2, 0; 1, 0; 
1, 0; 1, 0; 5, 435; 5, 434; 5, 512; 5, 499; 5, 437; 5, 424; 2, 0; 2, 0; 2, 0; 1, 0; 
1, 0; 1, 0; 5, 444; 5, 431; 5, 420; 5, 558; 5, 426; 5, 437; 2, 114; 2, 0; 2, 14; 1, 0; 
1, 0; 1, 0; 5, 441; 5, 493; 5, 426; 5, 503; 5, 426; 5, 433; 2, 124; 2, 0; 2, 77; 1, 0; 
1, 0; 1, 0; 5, 446; 5, 468; 5, 398; 5, 387; 5, 388; 5, 414; 3, 202; 2, 0; 2, 79; 1, 0; 
1, 0; 1, 0; 5, 792; 5, 412; 5, 408; 5, 550; 5, 424; 5, 485; 2, 0; 2, 2; 2, 91; 1, 0; 
1, 0; 5, 724; 5, 624; 5, 426; 5, 414; 5, 470; 5, 463; 5, 449; 2, 0; 2, 0; 2, 2; 2, 0; 2, 22; 1, 0; 1, 0; 
1, 0; 1, 0; 5, 952; 5, 427; 5, 502; 5, 529; 5, 478; 5, 348; 2, 2; 2, 0; 2, 4; 1, 0; 
1, 0; 1, 0; 5, 1027; 5, 424; 5, 472; 5, 426; 5, 422; 5, 466; 2, 0; 2, 0; 2, 0; 1, 0; 1, 0; 
1, 0; 5, 732; 5, 668; 5, 432; 5, 428; 5, 447; 5, 420; 5, 478; 2, 2; 2, 0; 1, 0; 1, 0; 
1, 0; 1, 0; 5, 425; 5, 418; 5, 450; 5, 549; 5, 511; 5, 422; 2, 0; 2, 2; 1, 0; 1, 0; 
1, 0; 1, 0; 5, 414; 5, 428; 5, 558; 5, 430; 5, 421; 5, 447; 2, 0; 2, 0; 1, 0; 1, 0; 
1, 0; 1, 0; 5, 698; 5, 418; 5, 478; 5, 457; 5, 418; 5, 505; 2, 0; 2, 0; 1, 0; 1, 0; 
1, 0; 1, 0; 5, 1124; 5, 430; 5, 511; 5, 555; 5, 484; 4, 317; 2, 0; 2, 0; 2, 0; 1, 0; 
1, 0; 1, 0; 5, 751; 5, 428; 5, 433; 5, 426; 5, 430; 5, 484; 2, 6; 2, 2; 2, 57; 1, 0; 
1, 0; 5, 746; 5, 650; 5, 426; 5, 428; 5, 562; 5, 422; 5, 447; 2, 0; 2, 0; 1, 0; 1, 0; 
1, 0; 1, 0; 5, 430; 5, 414; 5, 521; 5, 551; 5, 468; 5, 416; 2, 0; 2, 0; 1, 0; 1, 0; 
1, 0; 1, 0; 5, 595; 5, 430; 5, 498; 5, 487; 5, 449; 5, 428; 2, 2; 2, 0; 1, 0; 1, 0; 
1, 0; 1, 0; 5, 980; 5, 422; 5, 478; 5, 565; 5, 426; 4, 322; 2, 0; 2, 0; 2, 0; 1, 0; 
1, 0; 1, 0; 5, 848; 5, 410; 5, 438; 5, 467; 5, 428; 5, 461; 2, 0; 2, 0; 2, 24; 1, 0; 
1, 0; 5, 808; 5, 678; 5, 418; 5, 422; 5, 513; 5, 414; 5, 447; 2, 2; 2, 0; 1, 0; 1, 0; 
1, 0; 1, 0; 5, 427; 5, 422; 5, 463; 5, 561; 5, 483; 5, 422; 2, 0; 2, 0; 1, 0; 1, 0; 
1, 0; 1, 0; 5, 531; 5, 428; 5, 494; 5, 418; 5, 426; 5, 495; 2, 0; 2, 0; 1, 0; 1, 0; 
1, 0; 1, 0; 5, 1024; 5, 423; 5, 500; 5, 434; 5, 472; 5, 450; 2, 0; 2, 0; 2, 0; 1, 0; 
1, 0; 1, 0; 5, 781; 5, 420; 5, 422; 5, 466; 5, 414; 5, 515; 2, 0; 2, 0; 2, 32; 1, 0; 
1, 0; 5, 732; 5, 654; 5, 424; 5, 443; 5, 480; 5, 422; 4, 317; 2, 0; 2, 0; 1, 0; 1, 0; 
1, 0; 1, 0; 5, 434; 5, 438; 5, 417; 5, 809; 5, 537; 5, 421; 2, 0; 2, 0; 1, 0; 1, 0; 
1, 0; 1, 0; 5, 426; 5, 430; 5, 503; 5, 576; 5, 488; 5, 431; 2, 0; 2, 0; 1, 0; 1, 0; 
1, 0; 1, 0; 5, 798; 5, 436; 5, 523; 5, 488; 5, 495; 4, 352; 2, 0; 2, 0; 2, 2; 1, 0; 
1, 0; 1, 0; 5, 1069; 5, 420; 5, 482; 5, 427; 5, 454; 4, 315; 2, 0; 2, 0; 2, 0; 1, 0; 
1, 0; 1, 0; 5, 949; 5, 420; 5, 437; 5, 484; 5, 414; 5, 423; 2, 0; 2, 0; 2, 2; 1, 0; 
1, 0; 1, 0; 5, 848; 5, 416; 5, 411; 5, 464; 5, 431; 5, 522; 2, 0; 2, 2; 2, 20; 1, 0; 
