0, 0, 0, 132, 233, 109, 106, 104, 100, 100, 101, 184, 101, 122, 134, 138, 0, 0, 0, 0, 0, 61, 0, 0, 0, 
0, 0, 0, 313, 99, 101, 103, 132, 134, 107, 99, 101, 101, 101, 107, 99, 101, 175, 0, 41, 0, 0, 0, 0, 
0, 0, 0, 314, 99, 101, 101, 130, 134, 111, 101, 101, 105, 99, 101, 99, 110, 162, 0, 30, 0, 0, 0, 0, 
0, 0, 0, 108, 107, 99, 103, 102, 108, 99, 101, 99, 117, 136, 142, 118, 81, 0, 2, 0, 2, 0, 0, 0, 0, 0, 0, 
0, 0, 0, 180, 100, 103, 99, 134, 134, 103, 99, 103, 98, 105, 99, 107, 113, 0, 0, 16, 0, 4, 0, 0, 0, 
0, 0, 0, 246, 101, 99, 124, 130, 107, 106, 101, 138, 105, 107, 104, 99, 107, 182, 0, 36, 0, 4, 0, 0, 0, 
0, 0, 0, 288, 106, 146, 132, 118, 101, 107, 107, 140, 102, 106, 99, 140, 144, 114, 0, 24, 0, 0, 0, 0, 
0, 0, 0, 282, 105, 101, 100, 124, 136, 136, 116, 99, 99, 101, 101, 107, 101, 114, 0, 24, 0, 0, 0, 0, 
0, 0, 0, 266, 105, 142, 132, 116, 101, 103, 107, 140, 101, 101, 107, 138, 142, 128, 0, 20, 0, 2, 0, 0, 0, 
0, 0, 0, 0, 107, 104, 109, 99, 100, 134, 146, 101, 99, 101, 99, 106, 100, 0, 16, 0, 0, 0, 0, 0, 0, 0, 
0, 0, 0, 313, 103, 128, 132, 126, 108, 106, 101, 99, 101, 101, 105, 101, 105, 118, 0, 20, 0, 4, 0, 0, 0, 
0, 0, 0, 187, 266, 182, 120, 100, 101, 103, 104, 239, 106, 107, 100, 105, 101, 0, 0, 0, 0, 0, 0, 0, 
0, 0, 0, 111, 101, 101, 101, 109, 101, 101, 101, 100, 126, 140, 115, 104, 0, 0, 2, 10, 4, 0, 0, 0, 
0, 0, 0, 108, 101, 101, 101, 107, 101, 101, 105, 235, 105, 99, 138, 134, 87, 0, 0, 12, 0, 0, 0, 0, 
0, 0, 0, 168, 284, 195, 111, 103, 101, 108, 103, 231, 108, 101, 118, 132, 142, 0, 0, 0, 0, 0, 0, 0, 0, 
0, 0, 0, 310, 101, 99, 109, 106, 101, 136, 134, 101, 99, 102, 107, 98, 105, 191, 0, 34, 0, 8, 0, 0, 0, 
0, 0, 0, 201, 259, 183, 115, 101, 99, 105, 108, 154, 104, 103, 126, 130, 110, 2, 2, 0, 0, 0, 0, 0, 0, 
0, 0, 0, 181, 101, 101, 101, 128, 134, 106, 99, 101, 101, 107, 99, 107, 107, 172, 0, 18, 0, 0, 0, 0, 
0, 0, 0, 0, 101, 103, 101, 136, 130, 107, 107, 166, 105, 99, 134, 124, 184, 2, 41, 0, 0, 0, 0, 0, 
0, 0, 0, 101, 121, 101, 99, 105, 99, 101, 101, 107, 140, 132, 105, 105, 0, 0, 2, 65, 0, 0, 0, 0, 
0, 0, 0, 181, 101, 105, 101, 124, 134, 120, 101, 101, 99, 107, 103, 101, 107, 0, 0, 16, 0, 0, 0, 0, 
0, 0, 0, 0, 107, 109, 107, 99, 101, 140, 140, 101, 99, 103, 107, 99, 101, 0, 16, 0, 4, 0, 180, 0, 
0, 178, 0, 101, 105, 109, 99, 101, 130, 146, 109, 101, 101, 105, 101, 105, 0, 0, 0, 0, 0, 0, 0, 0, 
0, 0, 0, 107, 103, 101, 99, 101, 101, 99, 99, 100, 128, 138, 134, 113, 0, 0, 0, 0, 0, 0, 0, 0, 
0, 0, 0, 173, 101, 103, 107, 105, 134, 130, 101, 101, 99, 99, 107, 101, 99, 0, 0, 14, 0, 0, 0, 185, 0, 
0, 0, 0, 0, 108, 104, 106, 101, 100, 134, 126, 101, 100, 105, 98, 103, 105, 0, 0, 10, 0, 0, 0, 0, 0, 
0, 0, 0, 105, 111, 101, 110, 103, 100, 99, 103, 144, 101, 101, 103, 106, 107, 0, 0, 0, 2, 0, 0, 0, 
0, 0, 0, 162, 101, 101, 109, 99, 101, 103, 104, 122, 142, 140, 103, 100, 100, 0, 0, 16, 0, 0, 0, 0, 
0, 0, 0, 0, 101, 107, 107, 101, 101, 107, 134, 136, 132, 103, 98, 105, 0, 0, 0, 0, 0, 0, 0, 0, 
0, 0, 0, 211, 107, 101, 130, 132, 112, 107, 99, 101, 99, 101, 103, 101, 107, 0, 187, 0, 43, 0, 0, 0, 0, 
0, 0, 0, 191, 134, 177, 130, 128, 120, 100, 99, 103, 101, 101, 101, 102, 101, 18, 2, 0, 0, 0, 0, 0, 
0, 0, 0, 252, 107, 134, 130, 128, 105, 102, 102, 121, 104, 107, 101, 130, 128, 12, 2, 0, 2, 0, 0, 0, 0, 
0, 0, 0, 195, 174, 191, 130, 102, 99, 105, 105, 162, 100, 103, 116, 140, 111, 0, 0, 0, 0, 0, 0, 0, 0, 
0, 0, 0, 0, 99, 110, 100, 99, 104, 103, 100, 105, 124, 101, 103, 101, 106, 100, 0, 2, 0, 0, 2, 0, 0, 
0, 0, 0, 0, 100, 99, 101, 101, 105, 107, 99, 101, 105, 138, 132, 114, 114, 179, 0, 36, 0, 8, 0, 0, 0, 0, 0, 0, 0, 0, 0, 0, 0, 0, 0, 0, 0, 2, 0, 0, 0, 0, 0, 0, 0, 0, 0, 
0, 0, 0, 282, 101, 99, 101, 107, 103, 124, 132, 134, 130, 108, 106, 101, 104, 192, 0, 38, 0, 4, 0, 0, 0, 
0, 0, 0, 156, 101, 103, 106, 110, 134, 130, 101, 100, 101, 105, 100, 104, 118, 126, 0, 28, 0, 0, 0, 0, 0, 
0, 0, 0, 0, 101, 103, 105, 107, 136, 144, 101, 99, 109, 101, 106, 101, 298, 0, 18, 0, 0, 0, 0, 0, 
0, 0, 0, 0, 99, 108, 107, 99, 101, 105, 109, 142, 134, 112, 101, 103, 289, 0, 39, 0, 0, 0, 0, 0, 
0, 0, 0, 0, 101, 100, 109, 107, 130, 132, 110, 101, 99, 100, 105, 101, 99, 0, 0, 0, 0, 0, 0, 0, 0, 
0, 0, 0, 172, 101, 103, 106, 107, 128, 132, 112, 101, 99, 100, 105, 101, 104, 0, 0, 16, 0, 0, 0, 0, 
0, 0, 0, 294, 101, 103, 99, 109, 128, 136, 115, 101, 101, 98, 102, 101, 106, 171, 0, 41, 0, 0, 0, 0, 0, 
0, 0, 0, 288, 105, 124, 130, 130, 132, 118, 99, 101, 101, 105, 99, 105, 102, 146, 0, 22, 0, 2, 0, 0, 0, 
0, 0, 0, 193, 178, 152, 130, 126, 108, 104, 101, 101, 101, 104, 99, 104, 118, 2, 0, 0, 0, 0, 0, 0, 
0, 0, 0, 195, 156, 156, 130, 126, 132, 132, 120, 101, 101, 105, 101, 107, 99, 0, 2, 0, 0, 0, 0, 0, 0, 0, 
0, 0, 0, 292, 105, 101, 114, 130, 132, 118, 101, 100, 99, 103, 101, 99, 98, 105, 0, 26, 0, 0, 0, 0, 
0, 0, 0, 276, 102, 138, 134, 128, 100, 105, 105, 103, 105, 101, 103, 99, 128, 109, 0, 22, 0, 2, 0, 0, 0, 
0, 0, 0, 0, 102, 107, 107, 99, 101, 103, 124, 140, 138, 119, 101, 100, 101, 0, 0, 0, 0, 0, 0, 0, 
0, 0, 0, 261, 105, 101, 128, 128, 99, 107, 105, 109, 107, 99, 109, 99, 112, 69, 0, 22, 0, 0, 0, 0, 0, 
0, 0, 0, 130, 326, 181, 126, 101, 101, 106, 106, 154, 107, 101, 134, 130, 85, 0, 2, 0, 0, 0, 0, 0, 
