0, 0, 0, 148, 391, 97, 269, 131, 225, 235, 207, 202, 207, 231, 243, 218, 264, 136, 128, 0, 0, 0, 0, 0, 0, 0, 0, 0, 0, 0, 0, 0, 0, 0, 0, 0, 0, 0, 0, 0, 0, 0, 0, 0, 0, 
0, 0, 0, 0, 524, 300, 372, 234, 206, 198, 202, 202, 276, 235, 242, 202, 176, 0, 0, 0, 0, 65, 0, 0, 0, 
0, 0, 0, 368, 450, 318, 246, 198, 200, 210, 208, 312, 207, 206, 229, 237, 206, 0, 2, 0, 0, 2, 0, 2, 0, 0, 0, 77, 0, 0, 0, 
0, 0, 0, 352, 202, 206, 209, 211, 200, 266, 262, 202, 202, 206, 202, 206, 202, 182, 0, 18, 0, 2, 0, 4, 0, 2, 0, 14, 0, 0, 0, 
0, 0, 0, 560, 208, 202, 235, 260, 252, 202, 206, 206, 206, 198, 214, 237, 237, 79, 0, 28, 0, 0, 0, 0, 0, 0, 0, 0, 0, 
0, 0, 0, 0, 212, 206, 198, 202, 202, 233, 235, 202, 328, 198, 200, 213, 134, 118, 16, 0, 8, 0, 0, 0, 0, 0, 0, 
0, 0, 0, 509, 202, 202, 220, 237, 235, 216, 235, 218, 208, 214, 200, 208, 206, 34, 2, 4, 0, 0, 0, 0, 0, 
0, 0, 0, 532, 210, 227, 274, 258, 198, 204, 206, 280, 206, 206, 206, 243, 232, 59, 0, 26, 0, 0, 0, 0, 0, 
0, 0, 0, 522, 210, 212, 227, 252, 258, 234, 237, 236, 235, 222, 207, 202, 208, 53, 0, 30, 0, 0, 0, 2, 2, 0, 2, 0, 0, 
0, 0, 0, 0, 213, 210, 202, 202, 198, 237, 213, 217, 225, 243, 213, 215, 245, 0, 16, 0, 0, 0, 0, 0, 0, 
0, 0, 0, 501, 202, 198, 200, 252, 262, 210, 202, 198, 204, 204, 198, 241, 233, 146, 0, 32, 0, 4, 0, 0, 0, 
0, 0, 0, 370, 202, 198, 206, 231, 225, 212, 213, 276, 242, 229, 235, 235, 256, 136, 2, 16, 0, 0, 0, 0, 0, 0, 
0, 0, 0, 545, 200, 198, 219, 258, 268, 206, 200, 208, 208, 198, 204, 204, 211, 130, 0, 28, 0, 2, 0, 75, 0, 0, 0, 
0, 0, 0, 0, 205, 208, 204, 204, 202, 214, 235, 249, 248, 239, 202, 212, 202, 0, 0, 0, 2, 0, 0, 0, 
0, 0, 0, 336, 521, 280, 241, 227, 202, 198, 202, 241, 219, 241, 208, 206, 108, 0, 0, 0, 0, 6, 2, 0, 0, 0, 
0, 0, 0, 0, 210, 207, 202, 204, 202, 209, 233, 239, 286, 203, 198, 210, 240, 138, 0, 0, 0, 0, 2, 2, 0, 0, 0, 0, 0, 0, 
0, 0, 0, 204, 220, 214, 210, 204, 274, 266, 198, 198, 198, 210, 204, 202, 0, 0, 0, 0, 0, 0, 0, 0, 
0, 0, 0, 0, 0, 210, 216, 218, 206, 212, 280, 206, 198, 198, 210, 202, 235, 134, 0, 16, 0, 0, 0, 0, 0, 
0, 0, 0, 0, 214, 214, 214, 206, 202, 278, 234, 202, 198, 206, 198, 241, 101, 0, 16, 0, 2, 0, 0, 0, 
0, 0, 0, 332, 202, 202, 198, 223, 262, 239, 198, 200, 202, 208, 206, 229, 365, 0, 30, 0, 2, 0, 0, 0, 0, 
0, 0, 0, 0, 214, 210, 214, 204, 243, 253, 227, 216, 207, 204, 245, 223, 99, 0, 0, 0, 0, 0, 0, 0, 
0, 0, 0, 374, 198, 204, 214, 254, 224, 212, 202, 286, 212, 202, 250, 262, 83, 190, 0, 41, 0, 6, 0, 0, 0, 
0, 0, 0, 0, 200, 218, 218, 206, 220, 260, 248, 235, 212, 206, 202, 202, 214, 0, 0, 8, 0, 0, 0, 0, 
0, 0, 0, 0, 0, 198, 206, 208, 243, 248, 241, 235, 242, 208, 210, 198, 105, 263, 0, 30, 0, 2, 0, 0, 0, 
0, 0, 0, 0, 0, 216, 212, 202, 202, 202, 243, 258, 237, 221, 204, 204, 204, 204, 0, 0, 0, 0, 0, 0, 0, 
0, 0, 0, 0, 214, 210, 218, 208, 231, 262, 235, 204, 202, 206, 202, 200, 109, 0, 14, 0, 0, 0, 0, 0, 
0, 0, 0, 354, 202, 208, 202, 247, 270, 231, 202, 204, 204, 210, 198, 237, 234, 162, 0, 16, 2, 4, 0, 0, 0, 
0, 0, 0, 0, 212, 210, 206, 198, 206, 243, 208, 204, 210, 233, 231, 251, 245, 0, 0, 0, 0, 0, 0, 0, 
0, 0, 0, 373, 204, 206, 216, 233, 250, 235, 211, 210, 208, 208, 208, 245, 231, 180, 0, 43, 0, 4, 0, 0, 0, 
0, 0, 0, 0, 209, 212, 209, 202, 200, 210, 231, 258, 258, 239, 202, 208, 202, 0, 0, 0, 0, 0, 0, 0, 
0, 0, 0, 364, 202, 202, 210, 266, 262, 214, 202, 198, 202, 210, 198, 223, 272, 182, 0, 43, 0, 2, 0, 0, 0, 
0, 0, 0, 0, 204, 218, 214, 235, 226, 248, 249, 347, 202, 233, 223, 212, 290, 0, 49, 0, 2, 0, 0, 0, 
0, 0, 0, 0, 0, 198, 208, 214, 223, 237, 237, 218, 204, 206, 204, 198, 105, 326, 0, 45, 0, 4, 0, 0, 0, 
0, 0, 0, 0, 204, 208, 212, 239, 245, 237, 233, 249, 206, 202, 249, 227, 101, 0, 0, 0, 0, 0, 0, 0, 
0, 0, 0, 0, 0, 202, 217, 212, 204, 200, 243, 264, 241, 237, 210, 206, 202, 204, 0, 0, 18, 0, 0, 0, 0, 
0, 0, 0, 0, 200, 202, 204, 256, 251, 222, 208, 255, 204, 239, 206, 235, 136, 0, 2, 16, 2, 0, 0, 0, 
0, 0, 0, 0, 166, 202, 206, 218, 257, 235, 222, 207, 275, 214, 247, 208, 212, 254, 0, 26, 0, 6, 0, 0, 0, 
0, 0, 0, 358, 202, 208, 202, 230, 274, 258, 198, 198, 198, 204, 208, 208, 228, 174, 0, 16, 0, 0, 0, 0, 
0, 0, 0, 0, 214, 212, 212, 204, 202, 238, 296, 254, 208, 202, 206, 200, 208, 0, 0, 0, 0, 0, 0, 0, 
0, 0, 0, 0, 0, 202, 208, 216, 223, 260, 241, 202, 261, 198, 212, 237, 134, 314, 0, 28, 0, 4, 0, 0, 0, 
0, 0, 0, 0, 200, 212, 214, 208, 220, 274, 216, 198, 202, 202, 206, 216, 262, 0, 0, 0, 0, 0, 0, 0, 
0, 0, 0, 0, 0, 204, 215, 216, 204, 217, 239, 231, 239, 235, 204, 204, 204, 206, 0, 0, 0, 0, 0, 0, 0, 
0, 0, 0, 0, 204, 211, 214, 247, 274, 227, 208, 296, 202, 208, 233, 239, 126, 0, 0, 0, 0, 0, 0, 0, 
0, 0, 0, 489, 202, 202, 222, 264, 268, 218, 198, 198, 198, 208, 202, 212, 241, 152, 0, 28, 0, 6, 0, 0, 0, 
0, 0, 0, 0, 204, 206, 208, 237, 239, 253, 219, 332, 198, 214, 241, 212, 105, 0, 0, 16, 0, 0, 0, 0, 
0, 0, 0, 0, 0, 202, 204, 208, 243, 244, 243, 206, 306, 208, 210, 241, 116, 284, 0, 32, 0, 6, 0, 0, 0, 
0, 0, 0, 162, 198, 204, 208, 237, 268, 235, 202, 202, 204, 210, 200, 230, 211, 0, 0, 16, 0, 0, 0, 0, 0, 
0, 0, 0, 0, 214, 209, 208, 209, 243, 243, 198, 231, 239, 243, 202, 229, 109, 0, 0, 2, 0, 0, 0, 0, 
0, 0, 0, 356, 202, 208, 202, 256, 264, 219, 198, 200, 202, 210, 202, 237, 262, 180, 0, 16, 0, 0, 0, 0, 
0, 0, 0, 0, 378, 202, 204, 235, 268, 208, 208, 208, 408, 206, 206, 280, 236, 0, 183, 0, 43, 0, 0, 0, 0, 
