1, 0; 1, 0; 3, 212; 3, 253; 3, 216; 3, 273; 3, 251; 3, 212; 2, 0; 2, 0; 1, 0; 1, 0; 
1, 0; 1, 0; 3, 222; 3, 282; 3, 210; 3, 278; 3, 249; 3, 218; 2, 0; 2, 0; 1, 0; 1, 0; 
1, 0; 1, 0; 3, 216; 3, 292; 3, 210; 3, 212; 3, 214; 3, 218; 2, 0; 2, 0; 1, 0; 1, 0; 
1, 0; 1, 0; 3, 234; 3, 245; 3, 214; 3, 214; 3, 210; 3, 212; 2, 124; 2, 0; 2, 73; 1, 0; 
1, 0; 1, 0; 3, 263; 3, 214; 3, 214; 3, 245; 3, 255; 3, 245; 2, 0; 2, 0; 1, 0; 1, 0; 
1, 0; 1, 0; 3, 220; 3, 253; 3, 210; 3, 210; 3, 214; 3, 204; 2, 0; 2, 0; 1, 0; 1, 0; 
1, 0; 1, 0; 3, 216; 3, 257; 3, 214; 3, 283; 3, 225; 3, 210; 2, 0; 2, 0; 1, 0; 1, 0; 
1, 0; 1, 0; 3, 216; 3, 216; 3, 218; 3, 402; 3, 229; 2, 105; 2, 2; 2, 0; 1, 0; 1, 0; 
1, 0; 3, 324; 3, 277; 3, 218; 3, 210; 3, 250; 3, 206; 3, 249; 2, 0; 2, 0; 1, 0; 1, 0; 
1, 0; 1, 0; 3, 216; 3, 258; 3, 208; 3, 250; 3, 214; 3, 208; 2, 0; 2, 0; 1, 0; 1, 0; 
1, 0; 1, 0; 3, 208; 3, 253; 3, 206; 3, 295; 3, 251; 3, 206; 2, 0; 2, 2; 1, 0; 1, 0; 
1, 0; 1, 0; 3, 212; 3, 210; 3, 298; 3, 216; 3, 216; 2, 109; 2, 2; 2, 2; 1, 0; 
1, 0; 1, 0; 3, 214; 3, 282; 3, 212; 3, 316; 3, 243; 3, 206; 2, 0; 2, 0; 1, 0; 1, 0; 
1, 0; 1, 0; 3, 212; 3, 229; 3, 214; 3, 300; 3, 251; 3, 218; 2, 0; 2, 0; 1, 0; 1, 0; 
1, 0; 1, 0; 3, 216; 3, 229; 3, 216; 3, 274; 3, 223; 2, 146; 2, 0; 2, 0; 1, 0; 1, 0; 
1, 0; 3, 372; 3, 326; 3, 216; 3, 214; 3, 252; 3, 218; 3, 245; 2, 0; 2, 0; 1, 0; 1, 0; 
1, 0; 1, 0; 3, 218; 3, 266; 3, 210; 3, 214; 3, 210; 3, 214; 2, 0; 2, 0; 1, 0; 1, 0; 
1, 0; 1, 0; 3, 216; 3, 276; 3, 212; 3, 268; 3, 214; 3, 212; 2, 2; 2, 0; 1, 0; 1, 0; 
1, 0; 1, 0; 3, 210; 3, 210; 3, 212; 3, 272; 3, 237; 2, 107; 2, 2; 2, 0; 1, 0; 
1, 0; 1, 0; 3, 210; 3, 245; 3, 225; 3, 239; 3, 208; 3, 245; 2, 2; 2, 0; 1, 0; 1, 0; 
1, 0; 1, 0; 3, 210; 3, 214; 3, 223; 3, 260; 3, 237; 3, 210; 2, 0; 2, 0; 1, 0; 1, 0; 
1, 0; 1, 0; 3, 295; 3, 210; 3, 221; 3, 243; 3, 210; 2, 105; 2, 0; 2, 0; 1, 0; 1, 0; 
1, 0; 3, 366; 3, 306; 3, 218; 3, 210; 3, 253; 3, 210; 3, 247; 2, 0; 2, 0; 1, 0; 1, 0; 
1, 0; 1, 0; 3, 212; 3, 265; 3, 208; 3, 249; 3, 216; 3, 208; 2, 0; 2, 0; 1, 0; 1, 0; 
1, 0; 1, 0; 3, 220; 3, 222; 3, 214; 3, 372; 3, 280; 3, 210; 2, 0; 2, 2; 1, 0; 1, 0; 
1, 0; 1, 0; 3, 214; 3, 210; 3, 237; 3, 320; 3, 296; 3, 210; 2, 2; 2, 2; 1, 0; 1, 0; 
1, 0; 1, 0; 3, 218; 3, 250; 3, 212; 3, 385; 3, 284; 3, 214; 2, 0; 2, 0; 1, 0; 1, 0; 
1, 0; 1, 0; 3, 208; 3, 220; 3, 223; 3, 237; 3, 249; 3, 214; 2, 0; 2, 0; 1, 0; 1, 0; 
1, 0; 3, 372; 3, 340; 3, 213; 3, 210; 3, 255; 3, 210; 3, 241; 2, 0; 2, 0; 2, 0; 1, 0; 1, 0; 
1, 0; 1, 0; 3, 534; 3, 218; 3, 210; 3, 253; 3, 206; 3, 241; 2, 0; 2, 0; 1, 0; 1, 0; 
1, 0; 1, 0; 3, 212; 3, 294; 3, 210; 3, 361; 3, 262; 3, 210; 2, 0; 2, 0; 1, 0; 1, 0; 
1, 0; 1, 0; 3, 214; 3, 237; 3, 226; 3, 271; 3, 213; 3, 214; 2, 0; 2, 0; 1, 0; 1, 0; 
1, 0; 3, 400; 3, 338; 3, 220; 3, 229; 3, 249; 3, 212; 3, 192; 2, 0; 2, 0; 1, 0; 1, 0; 
1, 0; 1, 0; 3, 210; 3, 210; 3, 218; 3, 260; 3, 247; 3, 218; 2, 0; 2, 0; 1, 0; 1, 0; 
1, 0; 3, 398; 3, 340; 3, 218; 3, 208; 3, 214; 3, 208; 3, 282; 2, 2; 2, 0; 1, 0; 1, 0; 
1, 0; 1, 0; 3, 218; 3, 210; 3, 216; 3, 225; 3, 215; 3, 210; 2, 0; 2, 0; 1, 0; 1, 0; 
1, 0; 1, 0; 3, 212; 3, 208; 3, 216; 3, 318; 3, 216; 3, 210; 2, 0; 2, 0; 1, 0; 1, 0; 
1, 0; 3, 332; 3, 332; 3, 220; 3, 212; 3, 245; 3, 206; 3, 249; 2, 0; 2, 0; 1, 0; 1, 0; 
1, 0; 1, 0; 3, 222; 3, 264; 3, 216; 3, 259; 3, 226; 3, 214; 2, 0; 2, 0; 1, 0; 1, 0; 
1, 0; 1, 0; 3, 215; 3, 226; 3, 220; 3, 349; 3, 280; 3, 210; 2, 0; 2, 0; 1, 0; 1, 0; 
1, 0; 1, 0; 3, 216; 3, 208; 3, 258; 3, 261; 3, 237; 2, 136; 2, 0; 2, 0; 1, 0; 
1, 0; 1, 0; 3, 216; 3, 218; 3, 212; 3, 405; 3, 260; 3, 212; 2, 0; 2, 2; 1, 0; 1, 0; 
1, 0; 1, 0; 3, 304; 3, 214; 3, 208; 3, 251; 3, 210; 3, 201; 2, 2; 2, 0; 1, 0; 1, 0; 
1, 0; 3, 366; 3, 334; 3, 214; 3, 208; 3, 210; 3, 214; 3, 264; 2, 2; 2, 0; 1, 0; 1, 0; 
1, 0; 1, 0; 3, 210; 3, 255; 3, 210; 3, 264; 3, 253; 3, 241; 2, 0; 2, 0; 1, 0; 1, 0; 
1, 0; 1, 0; 3, 222; 3, 282; 3, 210; 3, 255; 3, 239; 3, 214; 2, 0; 2, 0; 1, 0; 1, 0; 
1, 0; 1, 0; 3, 214; 3, 233; 3, 261; 3, 216; 3, 210; 3, 231; 2, 0; 2, 2; 1, 0; 1, 0; 
1, 0; 1, 0; 3, 212; 3, 214; 3, 226; 3, 314; 3, 245; 3, 105; 2, 2; 2, 0; 1, 0; 1, 0; 
1, 0; 1, 0; 3, 616; 3, 214; 3, 212; 3, 243; 3, 216; 3, 210; 2, 0; 2, 0; 1, 0; 1, 0; 
1, 0; 1, 0; 3, 216; 3, 278; 3, 214; 3, 248; 3, 206; 3, 212; 2, 0; 2, 0; 1, 0; 1, 0; 
1, 0; 1, 0; 3, 217; 3, 210; 3, 249; 3, 283; 3, 222; 3, 231; 2, 0; 2, 0; 1, 0; 1, 0; 
1, 0; 1, 0; 3, 206; 3, 216; 3, 219; 3, 253; 3, 214; 3, 210; 2, 0; 2, 0; 1, 0; 1, 0; 
1, 0; 3, 330; 3, 314; 3, 216; 3, 214; 3, 257; 3, 208; 3, 241; 2, 0; 2, 0; 1, 0; 1, 0; 
1, 0; 1, 0; 3, 222; 3, 276; 3, 206; 3, 270; 3, 243; 3, 212; 2, 0; 2, 0; 1, 0; 1, 0; 
1, 0; 1, 0; 3, 214; 3, 251; 3, 210; 3, 243; 3, 206; 3, 210; 2, 0; 2, 0; 1, 0; 1, 0; 
1, 0; 1, 0; 3, 218; 3, 210; 3, 235; 3, 277; 3, 210; 3, 216; 2, 0; 2, 0; 1, 0; 1, 0; 
1, 0; 3, 372; 3, 330; 3, 208; 3, 212; 3, 255; 3, 237; 3, 210; 2, 0; 2, 0; 1, 0; 1, 0; 
1, 0; 1, 0; 3, 221; 3, 243; 3, 216; 3, 257; 3, 239; 3, 216; 2, 0; 2, 0; 1, 0; 1, 0; 
1, 0; 1, 0; 3, 219; 3, 300; 3, 208; 3, 224; 3, 219; 3, 206; 2, 0; 2, 0; 1, 0; 1, 0; 
1, 0; 1, 0; 3, 219; 3, 213; 3, 248; 3, 245; 3, 249; 3, 214; 2, 0; 2, 0; 1, 0; 1, 0; 
1, 0; 1, 0; 3, 214; 3, 206; 3, 257; 3, 286; 3, 249; 2, 109; 2, 2; 2, 2; 1, 0; 1, 0; 
1, 0; 3, 346; 3, 308; 3, 220; 3, 210; 3, 274; 3, 206; 3, 214; 2, 0; 2, 0; 1, 0; 1, 0; 
1, 0; 1, 0; 3, 212; 3, 208; 3, 249; 3, 226; 3, 224; 2, 109; 2, 2; 2, 0; 1, 0; 1, 0; 
1, 0; 3, 352; 3, 334; 3, 212; 3, 215; 3, 210; 3, 212; 3, 278; 2, 0; 2, 0; 1, 0; 1, 0; 
1, 0; 1, 0; 3, 210; 3, 215; 3, 248; 3, 312; 3, 259; 2, 122; 2, 0; 2, 0; 1, 0; 1, 0; 
1, 0; 3, 360; 3, 322; 3, 216; 3, 210; 3, 262; 3, 210; 3, 247; 2, 0; 2, 0; 1, 0; 1, 0; 
1, 0; 1, 0; 3, 220; 3, 208; 3, 267; 3, 241; 3, 225; 2, 146; 2, 0; 2, 2; 1, 0; 1, 0; 
1, 0; 3, 382; 3, 320; 3, 210; 3, 212; 3, 272; 3, 212; 3, 214; 2, 0; 2, 0; 1, 0; 1, 0; 
1, 0; 3, 374; 3, 340; 3, 210; 3, 243; 3, 248; 3, 253; 2, 107; 2, 0; 2, 0; 2, 0; 1, 0; 1, 0; 
1, 0; 1, 0; 3, 554; 3, 213; 3, 214; 3, 208; 3, 211; 3, 257; 2, 0; 2, 0; 2, 20; 1, 0; 
1, 0; 3, 400; 3, 332; 3, 210; 3, 217; 3, 258; 3, 211; 3, 233; 2, 0; 2, 0; 1, 0; 1, 0; 
1, 0; 1, 0; 3, 212; 3, 243; 3, 216; 3, 236; 3, 214; 3, 214; 2, 0; 2, 0; 1, 0; 1, 0; 
1, 0; 3, 416; 3, 332; 3, 212; 3, 208; 3, 212; 3, 212; 3, 259; 2, 2; 2, 0; 1, 0; 1, 0; 
1, 0; 1, 0; 3, 219; 3, 231; 3, 210; 3, 273; 3, 231; 3, 214; 2, 0; 2, 0; 1, 0; 1, 0; 
1, 0; 3, 400; 3, 268; 3, 214; 3, 223; 3, 216; 3, 212; 3, 260; 2, 2; 2, 0; 1, 0; 1, 0; 
1, 0; 1, 0; 3, 253; 3, 214; 3, 210; 3, 264; 3, 212; 3, 208; 2, 0; 2, 2; 1, 0; 1, 0; 
1, 0; 1, 0; 3, 212; 3, 216; 3, 235; 3, 291; 3, 259; 2, 103; 2, 0; 2, 0; 1, 0; 1, 0; 
1, 0; 3, 326; 3, 224; 3, 243; 3, 210; 3, 221; 3, 210; 3, 243; 2, 0; 2, 0; 1, 0; 1, 0; 
1, 0; 1, 0; 3, 210; 3, 212; 3, 229; 3, 314; 3, 245; 2, 142; 2, 0; 2, 2; 1, 0; 1, 0; 
1, 0; 2, 166; 3, 314; 3, 216; 3, 212; 3, 296; 3, 206; 3, 245; 2, 0; 2, 0; 1, 0; 1, 0; 
1, 0; 1, 0; 3, 210; 3, 216; 3, 265; 3, 273; 3, 210; 3, 218; 2, 0; 2, 0; 1, 0; 1, 0; 
1, 0; 2, 164; 3, 292; 3, 212; 3, 215; 3, 237; 3, 212; 3, 227; 2, 0; 2, 0; 1, 0; 1, 0; 
1, 0; 1, 0; 3, 210; 3, 210; 3, 223; 3, 276; 3, 253; 2, 105; 2, 0; 2, 0; 1, 0; 
1, 0; 3, 330; 3, 286; 3, 218; 3, 210; 3, 272; 3, 210; 3, 229; 2, 2; 2, 0; 1, 0; 1, 0; 
1, 0; 1, 0; 3, 218; 3, 214; 3, 210; 3, 224; 3, 214; 2, 105; 2, 2; 2, 0; 1, 0; 1, 0; 
1, 0; 3, 346; 3, 310; 3, 214; 3, 210; 3, 254; 3, 214; 3, 245; 2, 0; 2, 0; 1, 0; 1, 0; 
1, 0; 1, 0; 3, 218; 3, 208; 3, 247; 3, 311; 3, 212; 3, 251; 2, 0; 2, 0; 1, 0; 1, 0; 
1, 0; 3, 388; 3, 336; 3, 216; 3, 212; 3, 251; 3, 214; 3, 206; 2, 0; 2, 0; 1, 0; 1, 0; 
1, 0; 1, 0; 3, 214; 3, 210; 3, 274; 3, 275; 3, 247; 3, 249; 2, 0; 2, 0; 1, 0; 1, 0; 
1, 0; 3, 380; 3, 326; 3, 218; 3, 208; 3, 258; 3, 206; 3, 210; 2, 0; 2, 0; 1, 0; 1, 0; 
1, 0; 1, 0; 3, 210; 3, 212; 3, 222; 3, 295; 3, 243; 3, 210; 2, 2; 2, 0; 1, 0; 1, 0; 
1, 0; 3, 374; 3, 334; 3, 212; 3, 208; 3, 247; 3, 208; 3, 243; 2, 0; 2, 2; 1, 0; 1, 0; 
1, 0; 1, 0; 3, 212; 3, 218; 3, 302; 3, 208; 3, 227; 3, 245; 2, 0; 2, 0; 1, 0; 1, 0; 
1, 0; 3, 364; 3, 338; 3, 214; 3, 214; 3, 249; 3, 210; 3, 243; 2, 2; 2, 0; 1, 0; 1, 0; 
1, 0; 1, 0; 3, 226; 3, 212; 3, 228; 3, 368; 3, 280; 3, 212; 2, 0; 2, 0; 1, 0; 1, 0; 
1, 0; 3, 368; 3, 328; 3, 214; 3, 206; 3, 245; 3, 212; 3, 241; 2, 0; 2, 0; 1, 0; 1, 0; 
1, 0; 1, 0; 3, 212; 3, 241; 3, 210; 3, 259; 3, 235; 3, 235; 2, 0; 2, 0; 1, 0; 1, 0; 
1, 0; 3, 414; 3, 342; 3, 214; 3, 206; 3, 243; 3, 210; 3, 227; 2, 2; 2, 0; 1, 0; 1, 0; 
1, 0; 1, 0; 3, 264; 3, 215; 3, 214; 3, 266; 3, 212; 3, 248; 2, 0; 2, 0; 1, 0; 1, 0; 
1, 0; 1, 0; 3, 222; 3, 270; 3, 206; 3, 274; 3, 212; 3, 243; 2, 2; 2, 0; 1, 0; 1, 0; 
1, 0; 1, 0; 3, 594; 3, 204; 3, 227; 3, 223; 3, 208; 2, 109; 2, 0; 2, 0; 1, 0; 1, 0; 
1, 0; 1, 0; 3, 224; 3, 272; 3, 208; 3, 399; 3, 249; 3, 214; 2, 0; 2, 0; 1, 0; 1, 0; 
1, 0; 1, 0; 3, 476; 3, 216; 3, 298; 3, 253; 3, 274; 2, 105; 2, 0; 2, 0; 1, 0; 1, 0; 
1, 0; 1, 0; 3, 216; 3, 296; 3, 214; 3, 214; 3, 208; 3, 214; 2, 0; 2, 0; 1, 0; 1, 0; 
1, 0; 1, 0; 3, 214; 3, 280; 3, 216; 3, 312; 3, 243; 3, 212; 2, 0; 2, 0; 1, 0; 1, 0; 
1, 0; 1, 0; 3, 218; 3, 206; 3, 235; 3, 245; 3, 233; 3, 229; 2, 0; 2, 0; 1, 0; 1, 0; 
1, 0; 3, 398; 3, 338; 3, 214; 3, 247; 3, 212; 3, 243; 2, 107; 2, 2; 2, 0; 1, 0; 1, 0; 
1, 0; 1, 0; 3, 220; 3, 214; 3, 272; 3, 249; 3, 214; 3, 220; 2, 0; 2, 0; 1, 0; 1, 0; 
1, 0; 3, 394; 3, 334; 3, 212; 3, 210; 3, 216; 3, 214; 3, 290; 2, 2; 2, 0; 1, 0; 1, 0; 
1, 0; 1, 0; 3, 212; 3, 235; 3, 216; 3, 320; 3, 249; 3, 216; 2, 0; 2, 2; 1, 0; 1, 0; 
1, 0; 3, 398; 3, 332; 3, 220; 3, 212; 3, 237; 3, 216; 3, 263; 2, 2; 2, 0; 1, 0; 1, 0; 
1, 0; 1, 0; 3, 214; 3, 208; 3, 265; 3, 290; 3, 235; 3, 249; 2, 0; 2, 0; 1, 0; 1, 0; 
1, 0; 3, 396; 3, 334; 3, 212; 3, 210; 3, 290; 3, 214; 3, 208; 2, 0; 2, 0; 1, 0; 1, 0; 
1, 0; 1, 0; 3, 212; 3, 216; 3, 251; 3, 224; 3, 214; 3, 214; 2, 0; 2, 2; 1, 0; 1, 0; 
1, 0; 3, 404; 3, 300; 3, 218; 3, 228; 3, 216; 3, 210; 2, 114; 2, 2; 2, 0; 1, 0; 1, 0; 
