1, 0; 1, 0; 2, 105; 2, 144; 2, 105; 2, 112; 2, 105; 2, 107; 2, 0; 2, 0; 1, 0; 
1, 0; 1, 0; 2, 109; 2, 105; 2, 130; 2, 111; 2, 103; 2, 136; 2, 0; 2, 0; 1, 0; 1, 0; 
1, 0; 1, 0; 2, 284; 2, 103; 2, 105; 2, 103; 2, 107; 2, 107; 2, 0; 2, 0; 2, 0; 1, 0; 
1, 0; 1, 0; 2, 198; 2, 109; 2, 109; 2, 107; 2, 103; 2, 106; 2, 2; 2, 0; 1, 0; 
1, 0; 1, 0; 2, 112; 2, 109; 2, 107; 2, 140; 2, 111; 2, 136; 2, 2; 2, 0; 1, 0; 1, 0; 
1, 0; 1, 0; 2, 164; 2, 105; 2, 151; 2, 122; 2, 140; 2, 105; 2, 0; 2, 75; 1, 0; 
1, 0; 1, 0; 2, 107; 2, 103; 2, 160; 2, 103; 2, 103; 2, 109; 2, 0; 2, 0; 1, 0; 1, 0; 
1, 0; 1, 0; 2, 106; 2, 103; 2, 158; 2, 111; 2, 107; 2, 108; 2, 0; 2, 0; 1, 0; 1, 0; 
1, 0; 1, 0; 2, 111; 2, 101; 2, 150; 2, 108; 2, 104; 2, 105; 2, 0; 2, 0; 1, 0; 1, 0; 
1, 0; 1, 0; 2, 217; 2, 114; 2, 105; 2, 109; 2, 146; 2, 105; 2, 0; 2, 0; 1, 0; 1, 0; 
1, 0; 1, 0; 2, 134; 2, 109; 2, 144; 2, 105; 2, 107; 2, 120; 2, 0; 2, 0; 1, 0; 1, 0; 
1, 0; 1, 0; 2, 107; 2, 104; 2, 142; 2, 106; 2, 103; 2, 108; 2, 0; 2, 0; 1, 0; 1, 0; 
1, 0; 1, 0; 2, 272; 2, 102; 2, 113; 2, 101; 2, 105; 2, 140; 2, 0; 2, 75; 2, 170; 
1, 0; 1, 0; 2, 265; 2, 105; 2, 102; 2, 114; 2, 108; 2, 114; 2, 0; 2, 53; 1, 0; 
1, 0; 1, 0; 2, 215; 2, 104; 2, 101; 2, 107; 2, 105; 2, 136; 2, 0; 2, 18; 1, 0; 1, 0; 
1, 0; 1, 0; 2, 108; 2, 111; 2, 146; 2, 105; 2, 107; 2, 146; 2, 0; 2, 0; 1, 0; 
1, 0; 1, 0; 2, 105; 2, 138; 2, 108; 2, 120; 2, 120; 2, 102; 2, 0; 2, 0; 1, 0; 
1, 0; 1, 0; 2, 105; 2, 103; 2, 105; 2, 105; 2, 109; 2, 134; 2, 0; 2, 81; 1, 0; 
1, 0; 1, 0; 2, 109; 2, 105; 2, 154; 2, 107; 2, 103; 2, 142; 2, 2; 2, 0; 1, 0; 
1, 0; 1, 0; 2, 108; 2, 105; 2, 126; 2, 106; 2, 105; 2, 138; 2, 0; 2, 0; 1, 0; 1, 0; 
1, 0; 1, 0; 2, 140; 2, 103; 2, 110; 2, 105; 2, 105; 2, 103; 2, 2; 2, 0; 1, 0; 
1, 0; 1, 0; 2, 113; 2, 105; 2, 105; 2, 107; 2, 109; 2, 126; 2, 2; 2, 0; 1, 0; 
1, 0; 1, 0; 2, 132; 2, 101; 2, 105; 2, 105; 2, 109; 2, 103; 2, 2; 2, 0; 1, 0; 
1, 0; 1, 0; 2, 126; 2, 105; 2, 105; 2, 112; 2, 107; 2, 105; 2, 2; 2, 0; 1, 0; 
1, 0; 2, 189; 2, 186; 2, 106; 2, 105; 2, 138; 2, 111; 2, 105; 2, 2; 2, 0; 1, 0; 
1, 0; 1, 0; 2, 240; 2, 105; 2, 142; 2, 108; 2, 108; 2, 103; 2, 0; 2, 75; 2, 193; 
1, 0; 1, 0; 2, 317; 2, 105; 2, 104; 2, 142; 2, 105; 2, 99; 2, 0; 2, 65; 1, 0; 
1, 0; 1, 0; 2, 302; 2, 105; 2, 105; 2, 122; 2, 108; 2, 140; 2, 0; 2, 59; 1, 0; 
1, 0; 1, 0; 2, 294; 2, 109; 2, 152; 2, 166; 2, 150; 2, 104; 2, 0; 2, 0; 1, 0; 
1, 0; 1, 0; 2, 246; 2, 105; 2, 108; 2, 103; 2, 109; 2, 108; 2, 0; 2, 0; 2, 0; 1, 0; 
1, 0; 1, 0; 2, 306; 2, 106; 2, 104; 2, 103; 2, 110; 2, 110; 2, 0; 2, 81; 1, 0; 
1, 0; 1, 0; 2, 107; 2, 146; 2, 103; 2, 142; 2, 109; 2, 144; 1, 0; 2, 14; 1, 0; 1, 0; 
1, 0; 1, 0; 2, 103; 2, 112; 2, 105; 2, 148; 2, 136; 2, 105; 2, 0; 2, 0; 1, 0; 1, 0; 
1, 0; 1, 0; 2, 187; 2, 105; 2, 154; 2, 108; 2, 101; 2, 108; 2, 0; 2, 79; 2, 191; 
1, 0; 1, 0; 2, 294; 2, 104; 2, 107; 2, 142; 2, 107; 2, 103; 2, 0; 2, 59; 1, 0; 
1, 0; 1, 0; 2, 104; 2, 109; 2, 120; 2, 183; 2, 140; 2, 103; 2, 0; 2, 0; 1, 0; 
1, 0; 1, 0; 2, 104; 2, 128; 2, 106; 2, 205; 2, 105; 2, 110; 2, 0; 2, 2; 1, 0; 1, 0; 
1, 0; 1, 0; 2, 316; 2, 103; 2, 105; 2, 105; 2, 105; 2, 41; 2, 0; 2, 0; 2, 0; 1, 0; 
1, 0; 1, 0; 2, 223; 2, 109; 2, 105; 2, 122; 2, 103; 2, 106; 2, 26; 2, 0; 1, 0; 
1, 0; 1, 0; 2, 126; 2, 106; 2, 106; 2, 105; 2, 138; 2, 103; 2, 0; 2, 0; 1, 0; 1, 0; 
1, 0; 1, 0; 2, 107; 2, 136; 2, 104; 2, 134; 2, 140; 2, 101; 2, 0; 2, 0; 1, 0; 
1, 0; 1, 0; 2, 112; 2, 105; 2, 146; 2, 105; 2, 103; 2, 106; 2, 0; 2, 0; 1, 0; 
1, 0; 1, 0; 2, 112; 2, 108; 2, 104; 2, 146; 2, 109; 2, 103; 2, 0; 2, 0; 1, 0; 
1, 0; 1, 0; 2, 107; 2, 105; 2, 109; 2, 168; 2, 107; 2, 103; 2, 0; 2, 0; 1, 0; 
1, 0; 1, 0; 2, 113; 2, 109; 2, 152; 2, 107; 2, 108; 2, 103; 2, 2; 2, 0; 1, 0; 
1, 0; 1, 0; 2, 166; 2, 107; 2, 140; 2, 168; 2, 142; 2, 91; 2, 0; 2, 0; 2, 188; 
1, 0; 1, 0; 2, 262; 2, 105; 2, 107; 2, 105; 2, 103; 2, 105; 2, 0; 2, 0; 1, 0; 
1, 0; 2, 185; 2, 199; 2, 109; 2, 105; 2, 122; 2, 103; 2, 130; 2, 2; 2, 0; 1, 0; 
1, 0; 1, 0; 2, 282; 2, 107; 2, 103; 2, 132; 2, 108; 2, 122; 2, 0; 2, 20; 1, 0; 
1, 0; 2, 201; 2, 186; 2, 113; 2, 105; 2, 136; 2, 105; 2, 109; 2, 2; 2, 0; 1, 0; 
