1, 0; 1, 0; 1, 0; 1, 0; 1, 0; 1, 0; 1, 0; 1, 0; 1, 0; 1, 0; 1, 0; 1, 0; 1, 0; 1, 0; 1, 0; 1, 0; 1, 0; 1, 0; 2, 113; 2, 0; 2, 14; 2, 0; 1, 0; 1, 0; 
1, 0; 2, 189; 1, 0; 2, 105; 2, 107; 2, 109; 2, 105; 2, 128; 2, 150; 2, 117; 2, 109; 2, 107; 2, 103; 2, 107; 2, 107; 2, 142; 1, 0; 2, 0; 2, 0; 2, 0; 1, 0; 1, 0; 1, 0; 1, 0; 
1, 0; 1, 0; 1, 0; 1, 0; 1, 0; 1, 0; 1, 0; 1, 0; 1, 0; 1, 0; 1, 0; 1, 0; 1, 0; 1, 0; 1, 0; 1, 0; 1, 0; 1, 0; 2, 0; 2, 0; 2, 0; 1, 0; 1, 0; 1, 0; 1, 0; 
1, 0; 1, 0; 1, 0; 1, 0; 1, 0; 1, 0; 1, 0; 1, 0; 1, 0; 1, 0; 1, 0; 1, 0; 1, 0; 1, 0; 1, 0; 1, 0; 1, 0; 1, 0; 2, 0; 2, 0; 2, 67; 2, 2; 1, 0; 1, 0; 
1, 0; 1, 0; 1, 0; 1, 0; 1, 0; 1, 0; 1, 0; 1, 0; 1, 0; 1, 0; 1, 0; 1, 0; 1, 0; 1, 0; 1, 0; 1, 0; 1, 0; 1, 0; 2, 0; 2, 0; 2, 57; 2, 0; 1, 0; 1, 0; 
1, 0; 1, 0; 2, 189; 1, 0; 2, 105; 2, 105; 2, 109; 2, 105; 2, 107; 2, 111; 2, 105; 2, 118; 2, 140; 2, 140; 2, 115; 2, 105; 2, 103; 1, 0; 2, 0; 2, 0; 2, 0; 1, 0; 1, 0; 1, 0; 1, 0; 
1, 0; 1, 0; 1, 0; 1, 0; 1, 0; 1, 0; 1, 0; 1, 0; 1, 0; 1, 0; 1, 0; 1, 0; 1, 0; 1, 0; 1, 0; 1, 0; 1, 0; 1, 0; 2, 0; 2, 0; 2, 79; 2, 0; 1, 0; 1, 0; 
1, 0; 1, 0; 1, 0; 1, 0; 1, 0; 1, 0; 1, 0; 1, 0; 1, 0; 1, 0; 1, 0; 1, 0; 1, 0; 1, 0; 1, 0; 1, 0; 1, 0; 1, 0; 2, 0; 2, 0; 2, 0; 1, 0; 1, 0; 1, 0; 1, 0; 
1, 0; 1, 0; 1, 0; 1, 0; 1, 0; 1, 0; 1, 0; 1, 0; 1, 0; 1, 0; 1, 0; 1, 0; 1, 0; 1, 0; 1, 0; 1, 0; 1, 0; 2, 0; 2, 0; 2, 0; 1, 0; 1, 0; 1, 0; 
1, 0; 1, 0; 1, 0; 1, 0; 1, 0; 1, 0; 1, 0; 1, 0; 1, 0; 1, 0; 1, 0; 1, 0; 1, 0; 1, 0; 1, 0; 1, 0; 
0, 0, 0, 114, 12, 2, 0, 100, 0, 81, 59, 0, 2, 101, 107, 67, 99, 59, 20, 37, 0, 0, 35, 101, 91, 2, 57, 144, 0, 114, 0, 0, 0, 0, 0, 0, 0, 0, 
0, 0, 0, 111, 98, 101, 101, 101, 105, 105, 148, 132, 98, 105, 99, 101, 0, 0, 0, 85, 0, 0, 0, 0, 
0, 0, 0, 284, 79, 101, 105, 32, 87, 101, 108, 57, 97, 101, 63, 126, 101, 122, 142, 118, 0, 0, 0, 35, 2, 0, 0, 0, 
0, 0, 0, 132, 294, 183, 138, 126, 104, 106, 99, 100, 99, 101, 105, 99, 105, 0, 159, 0, 14, 0, 0, 0, 0, 
0, 0, 0, 148, 195, 169, 138, 132, 130, 107, 99, 101, 101, 99, 108, 101, 100, 0, 0, 0, 0, 0, 0, 0, 
0, 0, 0, 174, 294, 183, 130, 98, 104, 108, 106, 103, 104, 99, 107, 101, 103, 0, 2, 0, 0, 0, 0, 0, 
0, 0, 0, 191, 188, 185, 122, 99, 101, 105, 106, 124, 105, 134, 136, 106, 0, 0, 2, 0, 2, 0, 0, 0, 
0, 0, 0, 219, 199, 187, 128, 99, 101, 108, 105, 116, 105, 120, 138, 104, 0, 35, 2, 0, 0, 0, 0, 0, 
0, 0, 0, 181, 170, 168, 136, 128, 104, 101, 101, 99, 101, 99, 104, 100, 106, 0, 2, 0, 0, 0, 0, 0, 
0, 0, 0, 235, 101, 101, 106, 101, 99, 101, 99, 105, 103, 105, 104, 99, 107, 99, 189, 0, 32, 0, 0, 0, 0, 
0, 0, 0, 290, 101, 100, 99, 140, 140, 116, 101, 101, 99, 107, 101, 105, 107, 116, 0, 14, 0, 0, 0, 0, 
0, 0, 0, 0, 0, 0, 0, 0, 0, 0, 0, 0, 0, 0, 0, 0, 0, 0, 0, 16, 0, 0, 0, 0, 
0, 0, 0, 197, 243, 188, 112, 99, 101, 101, 109, 156, 126, 138, 101, 105, 0, 12, 0, 0, 0, 0, 0, 0, 
0, 0, 0, 0, 0, 0, 0, 0, 0, 0, 0, 0, 0, 0, 0, 0, 0, 0, 0, 18, 0, 0, 0, 0, 
0, 0, 0, 158, 341, 154, 109, 99, 101, 99, 107, 203, 106, 130, 140, 101, 0, 0, 0, 0, 0, 0, 0, 0, 
0, 0, 0, 0, 0, 0, 0, 0, 0, 0, 0, 0, 0, 0, 0, 0, 0, 188, 0, 30, 0, 0, 0, 0, 
0, 0, 0, 0, 0, 0, 0, 0, 0, 0, 0, 0, 0, 0, 0, 0, 0, 189, 0, 30, 0, 0, 0, 0, 
0, 0, 0, 0, 0, 0, 0, 0, 0, 0, 0, 0, 0, 0, 0, 0, 0, 0, 0, 0, 0, 0, 0, 0, 
0, 0, 0, 253, 184, 184, 134, 99, 101, 105, 105, 107, 103, 99, 138, 128, 85, 61, 0, 14, 2, 0, 0, 0, 
0, 0, 0, 0, 0, 0, 0, 0, 0, 0, 0, 0, 0, 0, 0, 0, 0, 0, 0, 16, 0, 0, 0, 0, 
0, 0, 0, 199, 245, 170, 113, 99, 101, 101, 99, 142, 124, 136, 105, 105, 0, 28, 0, 0, 0, 0, 0, 0, 
0, 0, 0, 0, 0, 0, 0, 0, 0, 0, 0, 0, 0, 0, 0, 0, 0, 0, 0, 14, 0, 0, 0, 0, 
0, 0, 0, 164, 294, 188, 108, 99, 101, 107, 105, 164, 101, 132, 140, 107, 0, 0, 2, 0, 0, 0, 0, 0, 
0, 0, 0, 0, 0, 0, 0, 0, 0, 0, 0, 0, 0, 0, 0, 0, 0, 180, 0, 28, 0, 0, 0, 0, 
0, 0, 0, 0, 0, 0, 0, 0, 0, 0, 0, 0, 0, 0, 0, 0, 0, 0, 0, 0, 0, 0, 0, 0, 
0, 0, 0, 0, 0, 0, 0, 0, 0, 0, 0, 0, 0, 0, 0, 0, 0, 183, 0, 30, 0, 0, 0, 0, 
0, 0, 0, 0, 0, 0, 0, 0, 0, 0, 0, 0, 0, 0, 0, 0, 0, 0, 2, 0, 0, 0, 0, 0, 
0, 0, 0, 0, 0, 0, 0, 0, 0, 0, 0, 0, 0, 0, 0, 0, 0, 0, 0, 0, 6, 0, 0, 0, 
0, 0, 0, 0, 0, 0, 0, 0, 0, 0, 0, 0, 0, 0, 0, 0, 0, 0, 0, 18, 0, 0, 0, 0, 
0, 0, 0, 146, 233, 188, 140, 99, 101, 104, 107, 107, 99, 100, 109, 140, 134, 0, 2, 0, 0, 0, 0, 0, 
0, 0, 0, 107, 320, 181, 130, 108, 105, 101, 101, 99, 103, 101, 99, 101, 105, 81, 0, 0, 0, 0, 0, 0, 0, 
0, 0, 0, 109, 110, 99, 107, 104, 101, 99, 100, 140, 100, 101, 136, 142, 124, 0, 0, 81, 2, 0, 0, 0, 
0, 0, 0, 130, 314, 181, 130, 99, 105, 106, 99, 101, 101, 103, 105, 101, 107, 22, 0, 0, 0, 0, 0, 0, 
0, 0, 0, 166, 199, 122, 116, 138, 144, 126, 101, 99, 101, 99, 103, 101, 100, 0, 2, 0, 2, 0, 0, 0, 
0, 0, 0, 177, 162, 148, 138, 136, 136, 99, 99, 101, 99, 101, 105, 101, 105, 0, 0, 0, 0, 0, 0, 0, 
0, 0, 0, 0, 0, 0, 0, 0, 0, 0, 0, 0, 0, 0, 0, 0, 0, 0, 0, 0, 18, 0, 0, 0, 0, 
0, 0, 0, 0, 0, 0, 0, 0, 0, 0, 0, 0, 0, 0, 0, 0, 0, 179, 0, 32, 0, 0, 0, 0, 
0, 0, 0, 0, 0, 0, 0, 0, 0, 0, 0, 0, 0, 0, 0, 0, 0, 187, 0, 32, 0, 0, 0, 0, 
0, 0, 0, 101, 168, 103, 103, 105, 101, 99, 99, 168, 134, 107, 101, 105, 0, 0, 0, 12, 0, 0, 0, 0, 
0, 0, 0, 101, 322, 186, 140, 142, 138, 136, 136, 150, 138, 99, 105, 103, 99, 0, 0, 2, 0, 0, 0, 0, 0, 
0, 0, 0, 108, 108, 101, 100, 102, 101, 101, 101, 144, 136, 122, 103, 102, 0, 0, 0, 43, 4, 0, 0, 0, 
0, 187, 0, 109, 107, 101, 101, 107, 103, 99, 101, 203, 142, 109, 107, 99, 0, 0, 0, 0, 0, 0, 0, 0, 0, 
0, 0, 0, 104, 243, 103, 108, 102, 99, 101, 101, 158, 103, 124, 134, 126, 106, 0, 2, 2, 0, 0, 0, 0, 
0, 0, 0, 166, 253, 168, 136, 122, 107, 105, 101, 100, 104, 105, 142, 122, 132, 0, 0, 2, 2, 0, 0, 0, 
0, 0, 0, 128, 312, 114, 106, 101, 99, 107, 105, 107, 105, 101, 122, 142, 140, 0, 2, 2, 0, 0, 0, 0, 
0, 0, 0, 101, 261, 126, 116, 99, 101, 105, 101, 101, 101, 99, 105, 99, 101, 0, 0, 0, 0, 0, 0, 0, 0, 
0, 0, 0, 107, 166, 101, 99, 105, 101, 99, 101, 211, 136, 116, 105, 103, 0, 0, 0, 83, 2, 0, 0, 0, 
0, 0, 0, 101, 248, 113, 106, 101, 101, 105, 103, 105, 104, 101, 101, 100, 105, 0, 0, 2, 0, 0, 0, 0, 0, 
0, 0, 0, 101, 158, 101, 101, 109, 101, 101, 103, 107, 104, 107, 99, 101, 97, 0, 0, 2, 2, 0, 0, 0, 0, 
0, 0, 0, 109, 197, 101, 110, 107, 99, 100, 101, 130, 105, 107, 101, 101, 99, 0, 0, 2, 0, 2, 0, 0, 0, 
