1, 0; 1, 0; 1, 0; 1, 0; 1, 0; 1, 0; 1, 0; 1, 0; 2, 0; 2, 0; 1, 0; 
1, 0; 1, 0; 1, 0; 1, 0; 1, 0; 1, 0; 1, 0; 1, 0; 2, 0; 2, 0; 1, 0; 
1, 0; 1, 0; 1, 0; 1, 0; 1, 0; 1, 0; 1, 0; 1, 0; 2, 0; 2, 0; 1, 0; 
1, 0; 1, 0; 1, 0; 1, 0; 1, 0; 1, 0; 1, 0; 1, 0; 2, 0; 2, 79; 2, 182; 
1, 0; 1, 0; 1, 0; 1, 0; 1, 0; 1, 0; 1, 0; 1, 0; 2, 81; 2, 0; 1, 0; 
1, 0; 2, 184; 2, 186; 2, 109; 2, 105; 2, 184; 2, 146; 2, 105; 2, 0; 2, 0; 1, 0; 
1, 0; 1, 0; 1, 0; 1, 0; 1, 0; 1, 0; 1, 0; 1, 0; 2, 0; 2, 0; 1, 0; 
1, 0; 1, 0; 1, 0; 1, 0; 1, 0; 1, 0; 1, 0; 1, 0; 2, 0; 2, 2; 1, 0; 
1, 0; 1, 0; 1, 0; 1, 0; 1, 0; 1, 0; 1, 0; 1, 0; 1, 0; 2, 0; 1, 0; 1, 0; 
1, 0; 1, 0; 1, 0; 1, 0; 1, 0; 1, 0; 1, 0; 1, 0; 2, 0; 2, 81; 2, 174; 
1, 0; 1, 0; 1, 0; 1, 0; 1, 0; 1, 0; 1, 0; 1, 0; 2, 109; 2, 0; 1, 0; 
1, 0; 2, 185; 2, 109; 2, 132; 2, 109; 2, 132; 2, 144; 2, 109; 1, 0; 2, 14; 1, 0; 1, 0; 
1, 0; 1, 0; 1, 0; 1, 0; 1, 0; 1, 0; 1, 0; 1, 0; 2, 0; 2, 0; 1, 0; 
1, 0; 1, 0; 1, 0; 1, 0; 1, 0; 1, 0; 1, 0; 1, 0; 2, 2; 2, 0; 1, 0; 
1, 0; 1, 0; 1, 0; 1, 0; 1, 0; 1, 0; 1, 0; 1, 0; 2, 0; 2, 0; 1, 0; 
1, 0; 1, 0; 1, 0; 1, 0; 1, 0; 1, 0; 1, 0; 1, 0; 2, 0; 2, 18; 1, 0; 
1, 0; 1, 0; 2, 105; 2, 113; 2, 105; 2, 190; 2, 115; 2, 105; 2, 0; 2, 2; 1, 0; 
1, 0; 1, 0; 1, 0; 1, 0; 1, 0; 1, 0; 1, 0; 1, 0; 2, 0; 2, 0; 1, 0; 
1, 0; 1, 0; 1, 0; 1, 0; 1, 0; 1, 0; 1, 0; 1, 0; 2, 0; 2, 0; 1, 0; 
1, 0; 1, 0; 1, 0; 1, 0; 1, 0; 1, 0; 1, 0; 1, 0; 2, 0; 2, 22; 1, 0; 
1, 0; 1, 0; 2, 148; 2, 105; 2, 105; 2, 117; 2, 109; 2, 144; 2, 0; 2, 0; 1, 0; 
1, 0; 1, 0; 1, 0; 1, 0; 1, 0; 1, 0; 1, 0; 1, 0; 2, 0; 2, 0; 1, 0; 
1, 0; 1, 0; 1, 0; 1, 0; 1, 0; 1, 0; 1, 0; 1, 0; 2, 0; 2, 0; 1, 0; 
1, 0; 1, 0; 1, 0; 1, 0; 1, 0; 1, 0; 1, 0; 1, 0; 2, 0; 2, 0; 1, 0; 
1, 0; 2, 182; 2, 103; 2, 150; 2, 109; 2, 109; 2, 105; 2, 144; 2, 180; 2, 16; 1, 0; 1, 0; 
1, 0; 1, 0; 1, 0; 1, 0; 1, 0; 1, 0; 1, 0; 1, 0; 2, 0; 2, 0; 1, 0; 
1, 0; 1, 0; 1, 0; 1, 0; 1, 0; 1, 0; 1, 0; 1, 0; 2, 0; 2, 0; 1, 0; 
1, 0; 1, 0; 1, 0; 1, 0; 1, 0; 1, 0; 1, 0; 1, 0; 2, 0; 2, 0; 1, 0; 
1, 0; 1, 0; 1, 0; 1, 0; 1, 0; 1, 0; 1, 0; 1, 0; 2, 0; 2, 79; 2, 189; 
1, 0; 1, 0; 1, 0; 1, 0; 1, 0; 1, 0; 1, 0; 1, 0; 2, 45; 2, 0; 1, 0; 
1, 0; 2, 189; 2, 187; 2, 103; 2, 103; 2, 109; 2, 103; 2, 138; 2, 0; 2, 0; 1, 0; 
1, 0; 1, 0; 2, 107; 2, 105; 2, 105; 2, 142; 2, 105; 2, 105; 2, 0; 2, 0; 1, 0; 
1, 0; 1, 0; 1, 0; 1, 0; 1, 0; 1, 0; 1, 0; 1, 0; 2, 0; 2, 0; 1, 0; 
1, 0; 1, 0; 1, 0; 1, 0; 1, 0; 1, 0; 1, 0; 1, 0; 2, 0; 2, 0; 1, 0; 
1, 0; 1, 0; 1, 0; 1, 0; 1, 0; 1, 0; 1, 0; 1, 0; 2, 0; 2, 38; 1, 0; 
1, 0; 1, 0; 1, 0; 1, 0; 1, 0; 1, 0; 1, 0; 1, 0; 2, 0; 2, 75; 1, 0; 
1, 0; 1, 0; 1, 0; 1, 0; 1, 0; 1, 0; 1, 0; 1, 0; 2, 132; 2, 0; 1, 0; 
1, 0; 2, 174; 2, 170; 2, 105; 2, 105; 2, 138; 2, 105; 2, 112; 2, 0; 2, 0; 1, 0; 
1, 0; 1, 0; 1, 0; 1, 0; 1, 0; 1, 0; 1, 0; 1, 0; 2, 0; 2, 0; 1, 0; 
1, 0; 1, 0; 1, 0; 1, 0; 1, 0; 1, 0; 1, 0; 1, 0; 2, 0; 2, 0; 1, 0; 
1, 0; 1, 0; 1, 0; 1, 0; 1, 0; 1, 0; 1, 0; 1, 0; 2, 2; 2, 4; 1, 0; 
1, 0; 2, 190; 2, 174; 2, 111; 2, 109; 2, 109; 2, 109; 1, 0; 2, 0; 2, 0; 1, 0; 
1, 0; 1, 0; 1, 0; 1, 0; 1, 0; 1, 0; 1, 0; 1, 0; 2, 0; 2, 0; 1, 0; 
1, 0; 1, 0; 1, 0; 1, 0; 1, 0; 1, 0; 1, 0; 1, 0; 2, 0; 2, 0; 1, 0; 
1, 0; 1, 0; 1, 0; 1, 0; 1, 0; 1, 0; 1, 0; 1, 0; 2, 0; 2, 0; 1, 0; 
1, 0; 2, 184; 2, 136; 2, 120; 2, 105; 2, 105; 2, 138; 2, 107; 1, 0; 2, 16; 1, 0; 1, 0; 
1, 0; 1, 0; 1, 0; 1, 0; 1, 0; 1, 0; 1, 0; 1, 0; 2, 0; 2, 0; 1, 0; 
1, 0; 1, 0; 1, 0; 1, 0; 1, 0; 1, 0; 1, 0; 1, 0; 2, 0; 2, 0; 1, 0; 
1, 0; 1, 0; 1, 0; 1, 0; 1, 0; 1, 0; 1, 0; 1, 0; 2, 0; 2, 0; 1, 0; 
1, 0; 2, 200; 2, 185; 2, 103; 2, 109; 2, 144; 2, 109; 2, 105; 2, 0; 2, 0; 1, 0; 
1, 0; 1, 0; 2, 103; 2, 109; 2, 105; 2, 156; 2, 105; 2, 105; 2, 0; 2, 0; 1, 0; 
1, 0; 1, 0; 1, 0; 1, 0; 1, 0; 1, 0; 1, 0; 1, 0; 2, 0; 2, 0; 1, 0; 
1, 0; 1, 0; 1, 0; 1, 0; 1, 0; 1, 0; 1, 0; 1, 0; 2, 0; 2, 0; 1, 0; 
1, 0; 1, 0; 1, 0; 1, 0; 1, 0; 1, 0; 1, 0; 1, 0; 2, 0; 2, 20; 1, 0; 
1, 0; 2, 176; 2, 170; 2, 105; 2, 107; 2, 126; 2, 105; 2, 138; 2, 0; 2, 0; 1, 0; 
1, 0; 1, 0; 1, 0; 1, 0; 1, 0; 1, 0; 1, 0; 1, 0; 2, 0; 2, 0; 1, 0; 
1, 0; 1, 0; 1, 0; 1, 0; 1, 0; 1, 0; 1, 0; 1, 0; 2, 2; 2, 0; 1, 0; 
1, 0; 1, 0; 1, 0; 1, 0; 1, 0; 1, 0; 1, 0; 1, 0; 2, 0; 2, 0; 1, 0; 
1, 0; 1, 0; 1, 0; 1, 0; 1, 0; 1, 0; 1, 0; 1, 0; 2, 0; 2, 49; 1, 0; 
1, 0; 1, 0; 1, 0; 1, 0; 1, 0; 1, 0; 1, 0; 1, 0; 2, 0; 2, 51; 1, 0; 
1, 0; 2, 200; 2, 176; 2, 105; 2, 109; 2, 105; 2, 105; 2, 105; 2, 2; 2, 0; 1, 0; 
1, 0; 2, 174; 2, 174; 2, 107; 2, 103; 2, 107; 2, 103; 2, 136; 2, 0; 2, 0; 1, 0; 
1, 0; 1, 0; 2, 107; 2, 121; 2, 107; 2, 146; 2, 109; 2, 105; 2, 0; 2, 0; 1, 0; 
1, 0; 1, 0; 1, 0; 1, 0; 1, 0; 1, 0; 1, 0; 1, 0; 2, 0; 2, 0; 1, 0; 
1, 0; 1, 0; 1, 0; 1, 0; 1, 0; 1, 0; 1, 0; 1, 0; 2, 0; 2, 0; 1, 0; 
1, 0; 1, 0; 1, 0; 1, 0; 1, 0; 1, 0; 1, 0; 1, 0; 2, 0; 2, 65; 1, 0; 
1, 0; 1, 0; 1, 0; 1, 0; 1, 0; 1, 0; 1, 0; 1, 0; 2, 12; 2, 4; 1, 0; 
