0, 0, 0, .8, 1.0, 1.0, 1.1, 1.1, 1.1, 1.1, 1.1, 1.1, 1.1, 1.0, 1.0, 1.0, 0, .2, .2, .2, .2, .2, 0, 0, 0, 
0, 0, 0, .8, .9, 1.1, 1.1, 1.1, 1.1, 1.1, 1.1, 1.1, 1.1, 1.1, 1.0, 1.0, 1.0, .2, .2, .2, .2, 0, 0, 0, 
0, 0, 0, .8, .9, 1.1, 1.1, 1.1, 1.1, 1.1, 1.1, 1.1, 1.1, 1.0, 1.0, 1.0, 1.0, .2, .2, .2, .2, 0, 0, 0, 
0, 0, 0, .8, 1.1, 1.1, 1.1, 1.1, 1.1, 1.1, 1.1, 1.1, 1.1, 1.1, 1.0, 1.0, 0, .2, .2, .2, .2, .2, .2, .2, 0, 0, 0, 
0, 0, 0, .2, .8, 1.1, 1.1, 1.1, 1.1, 1.1, 1.1, 1.1, 1.1, 1.0, 1.0, 1.0, 1.0, 0, .2, .2, .2, .2, 0, 0, 0, 
0, 0, 0, .6, .9, 1.1, 1.1, 1.1, 1.1, 1.1, 1.1, 1.1, 1.1, 1.0, 1.0, 1.0, 1.0, .2, .2, .2, .2, .2, 0, 0, 0, 
0, 0, 0, .8, 1.0, 1.1, 1.1, 1.1, 1.1, 1.1, 1.1, 1.1, 1.1, 1.0, 1.0, 1.0, 1.0, .2, .2, .2, .2, 0, 0, 0, 
0, 0, 0, .8, 1.0, 1.1, 1.1, 1.1, 1.1, 1.1, 1.1, 1.1, 1.1, 1.1, 1.1, 1.0, 1.0, .2, .2, .2, .2, 0, 0, 0, 
0, 0, 0, .8, 1.0, 1.1, 1.1, 1.1, 1.1, 1.1, 1.1, 1.0, 1.0, 1.0, 1.0, .9, .9, .2, .2, .2, .2, .2, 0, 0, 0, 
0, 0, 0, 0, .8, 1.1, 1.1, 1.1, 1.1, 1.1, 1.1, 1.1, 1.1, 1.1, 1.0, 1.0, 1.0, .2, .2, .2, 0, 0, 0, 0, 0, 0, 
0, 0, 0, .8, 1.0, 1.1, 1.1, 1.1, 1.1, 1.1, 1.1, 1.1, 1.1, 1.1, 1.0, 1.0, 1.0, .2, .2, .2, .2, .2, 0, 0, 0, 
0, 0, 0, .8, 1.1, 1.1, 1.1, 1.1, 1.1, 1.1, 1.1, 1.1, 1.1, 1.1, 1.0, 1.0, 1.0, .2, .2, .2, .2, 0, 0, 0, 
0, 0, 0, .8, 1.0, 1.0, 1.1, 1.1, 1.1, 1.1, 1.1, 1.1, 1.0, 1.0, 1.0, 1.0, 0, .2, .2, .2, .2, 0, 0, 0, 
0, 0, 0, .8, 1.1, 1.1, 1.1, 1.1, 1.1, 1.1, 1.1, 1.1, 1.1, 1.1, 1.0, 1.0, 1.0, .2, .2, .2, 0, 0, 0, 0, 
0, 0, 0, .8, 1.1, 1.0, 1.1, 1.1, 1.1, 1.1, 1.1, 1.1, 1.1, 1.0, 1.0, 1.0, 1.0, .2, .2, .2, .2, 0, 0, 0, 0, 
0, 0, 0, .8, .9, 1.1, 1.1, 1.1, 1.1, 1.1, 1.1, 1.1, 1.1, 1.1, 1.0, 1.0, 1.0, .2, .2, .2, .2, .2, 0, 0, 0, 
0, 0, 0, .8, 1.0, 1.1, 1.1, 1.1, 1.1, 1.1, 1.1, 1.1, 1.1, 1.0, 1.0, 1.0, 1.0, .2, .2, .2, .2, .2, 0, 0, 0, 
0, 0, 0, .4, .9, 1.1, 1.1, 1.1, 1.1, 1.1, 1.1, 1.1, 1.1, 1.1, 1.0, 1.0, 1.0, .2, .2, .2, .3, 0, 0, 0, 
0, 0, 0, 0, .8, 1.1, 1.1, 1.1, 1.1, 1.1, 1.1, 1.1, 1.1, 1.0, 1.0, 1.0, .2, .2, .2, .2, 0, 0, 0, 0, 
0, 0, 0, .8, 1.0, 1.0, 1.1, 1.1, 1.1, 1.1, 1.1, 1.1, 1.0, 1.0, 1.0, 1.0, 0, .2, .2, .2, .2, 0, 0, 0, 
0, 0, 0, .2, .8, 1.1, 1.1, 1.1, 1.1, 1.1, 1.1, 1.1, 1.1, 1.1, 1.0, 1.0, 1.0, 0, .2, .2, .2, 0, 0, 0, 
0, 0, 0, 0, .8, 1.1, 1.1, 1.1, 1.1, 1.1, 1.1, 1.1, 1.1, 1.1, 1.0, 1.0, 1.0, .2, .2, .2, .2, 0, .2, 0, 
0, .2, 0, .8, 1.1, 1.1, 1.1, 1.1, 1.1, 1.1, 1.1, 1.1, 1.1, 1.1, 1.0, 1.0, 0, .2, .2, .2, 0, 0, 0, 0, 
0, 0, 0, .8, 1.1, 1.1, 1.1, 1.1, 1.1, 1.1, 1.1, 1.1, 1.1, 1.1, 1.0, 1.0, 0, .2, .2, .2, .2, .2, 0, 0, 
0, 0, 0, .2, .8, 1.0, 1.1, 1.1, 1.1, 1.1, 1.1, 1.1, 1.1, 1.1, 1.0, 1.0, 1.0, 0, .2, .2, .2, .2, 0, .2, 0, 
0, 0, 0, 0, .8, 1.0, 1.1, 1.1, 1.1, 1.1, 1.1, 1.0, 1.0, 1.0, 1.0, 1.0, .9, 0, .2, .2, .2, 0, 0, 0, 0, 
0, 0, 0, .8, 1.0, 1.0, 1.1, 1.1, 1.1, 1.1, 1.1, 1.0, 1.0, 1.0, 1.0, .9, .9, .2, .2, .2, .2, .2, 0, 0, 
0, 0, 0, .2, .8, 1.1, 1.1, 1.1, 1.1, 1.1, 1.1, 1.1, 1.1, 1.0, 1.0, 1.0, 1.0, 0, .2, .2, .2, 0, 0, 0, 
0, 0, 0, 0, .8, 1.1, 1.1, 1.1, 1.1, 1.1, 1.1, 1.1, 1.1, 1.0, 1.0, 1.0, 0, 0, .2, .2, .2, 0, 0, 0, 
0, 0, 0, .8, 1.0, 1.0, 1.1, 1.1, 1.1, 1.1, 1.1, 1.1, 1.1, 1.0, 1.0, 1.0, 1.0, 0, .2, .2, .2, .2, 0, 0, 0, 
0, 0, 0, .8, 1.0, 1.0, 1.1, 1.1, 1.1, 1.1, 1.1, 1.1, 1.1, 1.1, 1.0, 1.0, 1.0, .2, .2, .2, .2, 0, 0, 0, 
0, 0, 0, .8, 1.0, 1.1, 1.1, 1.1, 1.1, 1.1, 1.1, 1.1, 1.0, 1.0, 1.0, 1.0, 1.0, .2, .2, .2, .2, .2, 0, 0, 0, 
0, 0, 0, .8, 1.0, 1.1, 1.1, 1.1, 1.1, 1.1, 1.1, 1.1, 1.0, 1.0, 1.0, .9, .9, .2, .2, .2, .2, .2, 0, 0, 0, 
0, 0, 0, 0, .8, 1.0, 1.0, 1.1, 1.1, 1.1, 1.1, 1.1, 1.1, 1.1, 1.0, 1.0, 1.0, 1.0, .2, .2, .2, .2, .2, 0, 0, 
0, 0, 0, 0, .8, 1.0, 1.1, 1.1, 1.1, 1.1, 1.1, 1.1, 1.1, 1.1, 1.0, 1.0, 1.0, .2, .2, .2, .2, .2, .2, .2, .2, .2, .2, .2, .2, .2, .2, .2, .2, .2, .2, .2, .2, .2, .2, .2, .2, .2, .2, 0, 0, 0, 0, 
0, 0, 0, .8, .9, 1.0, 1.1, 1.1, 1.1, 1.1, 1.1, 1.1, 1.1, 1.1, 1.0, 1.0, 1.0, .2, .2, .2, .2, .2, 0, 0, 0, 
0, 0, 0, .1, .8, 1.1, 1.1, 1.1, 1.1, 1.1, 1.1, 1.1, 1.1, 1.0, 1.0, 1.0, 1.0, .2, .2, .2, .2, 0, 0, 0, 0, 
0, 0, 0, 0, .8, 1.1, 1.1, 1.1, 1.1, 1.1, 1.1, 1.1, 1.1, 1.0, 1.0, 1.0, 1.2, .2, .2, .2, 0, 0, 0, 0, 
0, 0, 0, 0, .8, 1.1, 1.1, 1.1, 1.1, 1.1, 1.1, 1.1, 1.1, 1.1, 1.1, 1.0, 1.2, .2, .2, .2, 0, 0, 0, 0, 
0, 0, 0, 0, .8, 1.0, 1.1, 1.1, 1.1, 1.1, 1.1, 1.1, 1.1, 1.0, 1.0, 1.0, 1.0, 0, .2, .2, .2, 0, 0, 0, 0, 
0, 0, 0, .2, .8, 1.1, 1.1, 1.1, 1.1, 1.1, 1.1, 1.1, 1.1, 1.1, 1.0, 1.0, 1.0, 0, .2, .2, .2, 0, 0, 0, 
0, 0, 0, .8, .9, 1.1, 1.1, 1.1, 1.1, 1.1, 1.1, 1.1, 1.1, 1.1, 1.0, 1.0, 1.0, .2, .2, .2, .2, 0, 0, 0, 0, 
0, 0, 0, .8, 1.0, 1.1, 1.1, 1.1, 1.1, 1.1, 1.1, 1.1, 1.0, 1.0, 1.0, 1.0, .9, .2, .2, .2, .2, .2, 0, 0, 0, 
0, 0, 0, .8, 1.0, 1.1, 1.1, 1.1, 1.1, 1.1, 1.1, 1.1, 1.1, 1.0, 1.0, 1.0, 1.0, .2, .2, .2, .2, 0, 0, 0, 
0, 0, 0, .8, 1.0, 1.1, 1.1, 1.1, 1.1, 1.1, 1.1, 1.1, 1.1, 1.0, 1.0, 1.0, 1.0, .2, .2, .2, .2, .2, 0, 0, 0, 0, 
0, 0, 0, .8, 1.0, 1.1, 1.1, 1.1, 1.1, 1.1, 1.1, 1.1, 1.1, 1.0, 1.0, 1.0, 1.0, .2, .2, .2, .2, 0, 0, 0, 
0, 0, 0, .8, 1.0, 1.1, 1.1, 1.1, 1.1, 1.1, 1.1, 1.1, 1.1, 1.1, 1.0, 1.0, 1.0, .2, .2, .2, .2, .2, 0, 0, 0, 
0, 0, 0, 0, .8, 1.1, 1.1, 1.1, 1.1, 1.1, 1.1, 1.1, 1.1, 1.1, 1.0, 1.0, 1.0, 0, .2, .2, .2, 0, 0, 0, 
0, 0, 0, .8, .9, 1.1, 1.1, 1.1, 1.1, 1.1, 1.1, 1.0, 1.0, 1.0, 1.0, 1.0, .9, .2, .2, .2, .2, .2, 0, 0, 0, 
0, 0, 0, .8, 1.1, 1.0, 1.1, 1.1, 1.1, 1.1, 1.1, 1.1, 1.1, 1.0, 1.0, 1.0, 0, .2, .2, .2, .2, 0, 0, 0, 
