0, 0, 0, 1.6, 1.8, 2.1, 2.1, 2.2, 2.2, 2.2, 2.2, 2.2, 2.1, 2.1, 2.1, 2.0, 1.9, 1.2, 1.2, .2, .2, .2, .2, .2, .2, .2, .2, .2, .2, .2, .2, .2, .2, .2, .2, .2, .2, .2, .2, .2, .2, .2, 0, 0, 0, 
0, 0, 0, 0, 1.6, 2.0, 2.1, 2.2, 2.2, 2.2, 2.2, 2.2, 2.2, 2.1, 2.1, 2.0, 2.0, .2, .2, .2, .2, .2, 0, 0, 0, 
0, 0, 0, 1.6, 2.0, 2.1, 2.2, 2.2, 2.2, 2.2, 2.2, 2.2, 2.2, 2.0, 2.0, 2.0, 2.0, .2, .2, .2, .2, .2, .2, .2, .2, .2, .2, .2, 0, 0, 0, 
0, 0, 0, .4, 1.6, 2.2, 2.2, 2.2, 2.2, 2.2, 2.2, 2.2, 2.2, 2.1, 2.0, 2.0, 2.0, .2, .2, .2, .2, .2, .2, .2, .2, .2, .2, .2, 0, 0, 0, 
0, 0, 0, 1.6, 1.8, 2.2, 2.2, 2.2, 2.2, 2.2, 2.2, 2.1, 2.2, 2.1, 2.0, 2.0, 2.0, .2, .2, .2, .2, .2, .2, .2, .2, .2, .2, 0, 0, 
0, 0, 0, 0, 1.6, 2.2, 2.1, 2.2, 2.2, 2.2, 2.2, 2.2, 2.2, 2.2, 2.0, 2.0, 1.0, 1.2, .2, .2, .2, 0, 0, 0, 0, 0, 0, 
0, 0, 0, 1.3, 1.7, 2.0, 2.1, 2.2, 2.2, 2.2, 2.2, 2.2, 2.1, 2.0, 2.0, 2.0, 2.0, .2, .2, .2, .2, .2, 0, 0, 0, 
0, 0, 0, 1.6, 1.9, 2.1, 2.2, 2.2, 2.2, 2.2, 2.2, 2.2, 2.2, 2.0, 2.0, 2.0, 2.0, .2, .2, .2, .2, .2, 0, 0, 0, 
0, 0, 0, 1.6, 1.9, 2.0, 2.1, 2.2, 2.2, 2.2, 2.2, 2.2, 2.2, 2.1, 2.0, 2.0, 2.0, .2, .2, .2, .2, .2, .2, .2, .2, .2, .2, 0, 0, 
0, 0, 0, 0, 1.6, 2.2, 2.2, 2.2, 2.2, 2.2, 2.2, 2.2, 2.2, 2.1, 2.1, 2.0, 2.0, .2, .2, .2, .2, 0, 0, 0, 0, 
0, 0, 0, 1.5, 1.8, 2.1, 2.1, 2.2, 2.2, 2.2, 2.2, 2.2, 2.2, 2.0, 2.0, 2.0, 2.0, .2, .2, .2, .2, .2, 0, 0, 0, 
0, 0, 0, .6, 1.6, 2.2, 2.2, 2.2, 2.2, 2.2, 2.2, 2.2, 2.1, 2.1, 2.0, 2.0, 2.0, 1.0, .2, .2, .2, .2, 0, 0, 0, 0, 
0, 0, 0, 1.5, 1.7, 2.1, 2.2, 2.2, 2.2, 2.2, 2.2, 2.2, 2.2, 2.1, 2.0, 2.0, 2.0, .2, .2, .2, .2, .2, .2, .2, .2, 0, 0, 
0, 0, 0, 0, 1.6, 2.2, 2.2, 2.2, 2.2, 2.2, 2.2, 2.2, 2.2, 2.2, 2.2, 2.0, 2.0, 0, .2, .2, .2, 0, 0, 0, 
0, 0, 0, 1.6, 2.0, 2.1, 2.2, 2.2, 2.2, 2.2, 2.2, 2.2, 2.2, 2.1, 2.0, 2.0, 1.0, .2, .2, .2, .2, .2, .2, 0, 0, 0, 
0, 0, 0, 0, 1.6, 2.1, 2.0, 2.2, 2.2, 2.2, 2.2, 2.2, 2.2, 2.1, 2.1, 2.0, 2.0, 1.0, .2, .2, .2, .2, .2, .2, .2, .2, .2, 0, 0, 0, 
0, 0, 0, 1.6, 2.2, 2.2, 2.2, 2.2, 2.2, 2.2, 2.2, 2.2, 2.2, 2.0, 2.0, 2.0, 0, .2, .2, .2, .2, 0, 0, 0, 
0, 0, 0, 0, 0, 1.6, 2.2, 2.2, 2.2, 2.2, 2.2, 2.2, 2.2, 2.2, 2.0, 2.0, 2.0, 1.0, .2, .2, .2, .2, 0, 0, 0, 
0, 0, 0, 0, 1.6, 2.2, 2.2, 2.2, 2.2, 2.2, 2.2, 2.2, 2.2, 2.0, 2.0, 2.0, 1.0, .2, .2, .2, .2, 0, 0, 0, 
0, 0, 0, .4, 1.6, 2.2, 2.2, 2.2, 2.2, 2.2, 2.2, 2.2, 2.2, 2.1, 2.0, 2.0, 2.2, .2, .2, .2, .2, 0, 0, 0, 0, 
0, 0, 0, 0, 1.6, 2.1, 2.2, 2.2, 2.2, 2.2, 2.2, 2.2, 2.1, 2.1, 2.0, 2.0, 1.0, 0, .2, .2, .2, 0, 0, 0, 
0, 0, 0, .4, 1.6, 2.2, 2.2, 2.2, 2.2, 2.2, 2.2, 2.2, 2.1, 2.0, 2.0, 2.0, 1.0, .2, .2, .2, .2, .2, 0, 0, 0, 
0, 0, 0, 0, 1.6, 2.2, 2.2, 2.2, 2.2, 2.2, 2.2, 2.2, 2.1, 2.0, 2.0, 2.0, 2.0, 0, .2, .2, .2, 0, 0, 0, 
0, 0, 0, 0, 0, 1.6, 2.1, 2.2, 2.2, 2.2, 2.2, 2.2, 2.2, 2.1, 2.1, 2.1, 1.0, 1.2, .2, .2, .2, .2, 0, 0, 0, 
0, 0, 0, 0, 0, 1.6, 2.2, 2.1, 2.2, 2.2, 2.2, 2.2, 2.2, 2.2, 2.2, 2.1, 2.0, 2.0, 0, .2, .2, .2, 0, 0, 0, 
0, 0, 0, 0, 1.6, 2.2, 2.2, 2.2, 2.2, 2.2, 2.2, 2.2, 2.2, 2.1, 2.0, 2.0, 1.0, .2, .2, .2, .2, 0, 0, 0, 
0, 0, 0, .4, 1.6, 2.1, 2.1, 2.2, 2.2, 2.2, 2.2, 2.2, 2.2, 2.0, 2.0, 2.0, 2.0, .1, .2, .2, .2, .2, 0, 0, 0, 
0, 0, 0, 0, 1.6, 2.2, 2.2, 2.2, 2.2, 2.2, 2.2, 2.2, 2.2, 2.1, 2.0, 2.0, 2.0, 0, .2, .2, .2, 0, 0, 0, 
0, 0, 0, .4, 1.6, 2.1, 2.2, 2.2, 2.2, 2.2, 2.2, 2.2, 2.2, 2.1, 2.0, 2.0, 2.0, .2, .2, .2, .2, .2, 0, 0, 0, 
0, 0, 0, 0, 1.6, 2.2, 2.2, 2.2, 2.2, 2.2, 2.2, 2.2, 2.2, 2.2, 2.1, 2.0, 2.0, 0, .2, .2, .2, 0, 0, 0, 
0, 0, 0, .8, 1.7, 2.1, 2.1, 2.2, 2.2, 2.2, 2.2, 2.2, 2.2, 2.0, 2.0, 2.0, 2.0, .2, .2, .2, .2, .2, 0, 0, 0, 
0, 0, 0, 0, 1.6, 2.2, 2.2, 2.2, 2.2, 2.2, 2.2, 2.2, 2.1, 2.1, 2.0, 2.0, 1.2, .2, .2, .2, .2, 0, 0, 0, 
0, 0, 0, 0, 0, 1.6, 2.2, 2.2, 2.2, 2.2, 2.2, 2.2, 2.2, 2.1, 2.1, 2.0, 1.0, 1.2, .2, .2, .2, .2, 0, 0, 0, 
0, 0, 0, 0, 1.6, 2.2, 2.2, 2.2, 2.2, 2.2, 2.2, 2.2, 2.2, 2.0, 2.0, 2.0, 1.0, 0, .2, .2, .2, 0, 0, 0, 
0, 0, 0, 0, 0, 1.6, 2.1, 2.2, 2.2, 2.2, 2.2, 2.2, 2.2, 2.2, 2.2, 2.1, 2.0, 2.0, 0, .2, .2, .2, 0, 0, 0, 
0, 0, 0, 0, 1.6, 2.2, 2.2, 2.2, 2.2, 2.2, 2.2, 2.2, 2.1, 2.1, 2.0, 2.0, 1.0, 0, .2, .2, .2, 0, 0, 0, 
0, 0, 0, 0, .1, 1.6, 2.2, 2.2, 2.2, 2.2, 2.2, 2.2, 2.2, 2.1, 2.0, 2.0, 2.0, 1.2, .2, .2, .2, .2, 0, 0, 0, 
0, 0, 0, .4, 1.6, 2.2, 2.2, 2.2, 2.2, 2.2, 2.2, 2.2, 2.2, 2.0, 2.0, 2.0, 2.0, .2, .2, .2, .2, 0, 0, 0, 
0, 0, 0, 0, 1.6, 2.2, 2.2, 2.2, 2.2, 2.2, 2.2, 2.2, 2.2, 2.2, 2.1, 2.0, 2.0, 0, .2, .2, .2, 0, 0, 0, 
0, 0, 0, 0, 0, 1.6, 2.2, 2.2, 2.2, 2.2, 2.2, 2.2, 2.2, 2.1, 2.0, 2.0, 1.0, 1.2, .2, .2, .2, .2, 0, 0, 0, 
0, 0, 0, 0, 1.6, 2.2, 2.2, 2.2, 2.2, 2.2, 2.2, 2.2, 2.1, 2.1, 2.0, 2.0, 1.9, 0, .2, .2, .2, 0, 0, 0, 
0, 0, 0, 0, 0, 1.6, 2.1, 2.2, 2.2, 2.2, 2.2, 2.2, 2.2, 2.2, 2.2, 2.0, 2.0, 2.0, 0, .2, .2, .2, 0, 0, 0, 
0, 0, 0, 0, 1.6, 2.0, 2.2, 2.2, 2.2, 2.2, 2.2, 2.2, 2.2, 2.0, 2.0, 2.0, 1.0, 0, .2, .2, .2, 0, 0, 0, 
0, 0, 0, 1.4, 1.8, 2.2, 2.2, 2.2, 2.2, 2.2, 2.2, 2.2, 2.2, 2.0, 2.0, 2.0, 2.0, .2, .2, .2, .2, .2, 0, 0, 0, 
0, 0, 0, 0, 1.6, 2.2, 2.2, 2.2, 2.2, 2.2, 2.2, 2.2, 2.2, 2.1, 2.0, 2.0, 1.0, 0, .2, .2, .2, 0, 0, 0, 
0, 0, 0, 0, 0, 1.6, 2.2, 2.2, 2.2, 2.2, 2.2, 2.2, 2.2, 2.2, 2.1, 2.0, 1.0, 1.2, .2, .2, .2, .2, 0, 0, 0, 
0, 0, 0, .1, 1.6, 2.2, 2.2, 2.2, 2.2, 2.2, 2.2, 2.2, 2.2, 2.0, 2.0, 2.0, 2.0, 0, .2, .2, .2, .2, 0, 0, 0, 
0, 0, 0, 0, 1.6, 2.2, 2.1, 2.2, 2.2, 2.2, 2.2, 2.2, 2.1, 2.1, 2.0, 2.0, 1.0, 0, .2, .2, .2, 0, 0, 0, 
0, 0, 0, .4, 1.6, 2.2, 2.2, 2.2, 2.2, 2.2, 2.2, 2.2, 2.2, 2.2, 2.1, 2.0, 2.0, .2, .2, .2, .2, 0, 0, 0, 
0, 0, 0, 0, .4, 1.8, 2.2, 2.2, 2.2, 2.2, 2.2, 2.2, 2.2, 2.2, 2.0, 2.0, 2.0, 0, .2, .2, .2, .2, 0, 0, 0, 
